Dialog #;Spacing (#Lines between two lines)
20;0
56;36
57;1
72;15
75;3
85;10
94;9
97;3
98;1
99;1
108;9
111;3
112;1
113;1
115;2
117;2
119;2
120;1
121;1
122;1
123;1
151;28
161;10
167;6
169;2
170;1
171;1
173;2
174;1
175;1
176;1
177;1
178;1
179;1
180;1
181;1
182;1
183;1
184;1
186;2
187;1
188;1
189;1
190;1
192;2
194;2
197;3
198;1
200;2
202;2
203;1
204;1
205;1
210;5
211;1
212;1
213;1
214;1
215;1
216;1
217;1
218;1
219;1
220;1
222;2
223;1
224;1
225;1
232;7
233;1
234;1
235;1
239;4
241;2
242;1
243;1
245;2
249;4
250;1
251;1
252;1
255;3
256;1
258;2
264;6
268;4
281;0
284;3
292;8
294;2
295;1
297;2
299;2
316;17
319;3
330;11
331;1
332;1
334;2
337;3
338;1
339;1
341;2
345;4
352;7
355;3
356;1
358;2
359;1
360;1
362;2
364;2
365;1
366;1
369;3
371;2
372;1
374;2
381;7
382;1
386;4
402;16
403;1
405;2
407;2
425;18
427;2
429;2
443;14
444;1
446;2
451;5
452;1
453;1
455;2
461;6
463;2
467;4
470;3
508;0
509;1
527;18
530;3
532;2
533;1
539;6
540;1
541;1
542;1
543;1
560;0
561;1
566;5
567;1
568;1
570;2
572;2
577;5
583;6
587;4
588;1
589;1
591;2
593;2
595;2
598;3
599;1
600;1
602;2
603;1
604;1
607;0
608;1
609;1
610;1
611;1
614;3
615;1
617;2
618;1
626;8
638;0
642;4
655;0
662;7
665;3
666;1
667;1
673;0
678;0
682;4
686;4
690;4
698;8
709;0
719;0
721;2
726;5
732;6
740;8
741;1
746;5
747;1
749;2
757;8
794;0
798;4
799;1
810;11
812;2
814;2
817;3
819;2
820;1
821;1
823;2
828;5
830;2
832;2
833;1
840;7
842;2
844;2
846;2
847;1
849;2
850;1
851;1
852;1
854;2
855;1
859;4
862;3
863;1
864;1
866;2
868;2
870;2
871;1
872;1
874;2
877;3
878;1
880;2
881;1
883;2
886;3
889;3
891;2
913;0
914;1
927;0
929;2
931;2
932;1
934;2
935;1
936;1
937;1
938;1
939;1
942;3
944;2
945;1
946;1
947;1
951;4
953;2
954;1
955;1
956;1
957;1
958;1
960;2
962;2
963;1
964;1
965;1
967;2
968;1
972;4
973;1
977;4
979;2
981;2
983;2
984;1
985;1
986;1
993;7
995;2
1000;5
1001;1
1003;2
1004;1
1005;1
1006;1
1009;3
1015;6
1017;2
1018;1
1020;2
1021;1
1022;1
1024;2
1032;0
1034;2
1042;8
1049;7
1051;2
1052;1
1053;1
1054;1
1055;1
1057;2
1058;1
1059;1
1063;4
1066;3
1067;1
1069;2
1070;1
1071;1
1072;1
1073;1
1074;1
1076;2
1077;1
1078;1
1079;1
1083;4
1085;2
1086;1
1087;1
1089;2
1090;1
1092;2
1094;2
1097;3
1098;1
1100;2
1101;1
1102;1
1103;1
1104;1
1109;5
1110;1
1111;1
1112;1
1113;1
1116;3
1119;3
1122;3
1159;0
1161;2
1166;0
1174;8
1186;12
1187;1
1188;1
1190;2
1192;2
1198;6
1199;1
1200;1
1201;1
1202;1
1203;1
1204;1
1205;1
1209;4
1210;1
1211;1
1212;1
1213;1
1214;1
1219;5
1222;3
1223;1
1224;1
1229;5
1230;1
1233;3
1239;6
1242;3
1244;2
1245;1
1248;3
1262;0
1267;5
1268;1
1269;1
1272;3
1274;2
1275;1
1277;2
1280;3
1282;2
1294;12
1295;1
1302;7
1308;6
1309;1
1310;1
1315;5
1317;2
1318;1
1320;2
1325;5
1330;0
1333;3
1334;1
1337;3
1338;1
1339;1
1340;1
1342;2
1344;2
1345;1
1346;1
1347;1
1348;1
1349;1
1350;1
1351;1
1354;3
1355;1
1356;1
1358;2
1359;1
1360;1
1361;1
1362;1
1364;2
1365;1
1366;1
1367;1
1368;1
1370;2
1372;2
1375;3
1376;1
1377;1
1379;2
1380;1
1381;1
1382;1
1383;1
1384;1
1385;1
1386;1
1387;1
1388;1
1392;4
1393;1
1394;1
1399;5
1401;2
1402;1
1406;4
1415;9
1419;4
1420;1
1421;1
1425;4
1428;3
1430;2
1432;2
1433;1
1434;1
1436;2
1437;1
1439;2
1441;2
1442;1
1443;1
1444;1
1446;2
1449;3
1451;2
1453;2
1458;5
1462;4
1463;1
1464;1
1466;2
1468;2
1476;0
1480;4
1483;3
1486;3
1488;2
1508;0
1510;2
1512;2
1515;3
1517;2
1519;2
1520;1
1522;2
1524;2
1525;1
1526;1
1527;1
1528;1
1529;1
1531;2
1540;0
1543;3
1560;17
1566;6
1568;2
1569;1
1570;1
1573;3
1574;1
1575;1
1576;1
1580;4
1581;1
1584;3
1585;1
1587;2
1588;1
1603;15
1604;1
1606;2
1611;5
1613;2
1614;1
1616;2
1617;1
1619;2
1620;1
1622;2
1624;2
1626;2
1629;3
1630;1
1634;4
1636;2
1637;1
1639;2
1640;1
1642;2
1645;3
1646;1
1647;1
1648;1
1649;1
1650;1
1651;1
1652;1
1653;1
1655;2
1658;3
1659;1
1660;1
1661;1
1662;1
1663;1
1665;2
1667;2
1668;1
1669;1
1671;2
1672;1
1673;1
1674;1
1675;1
1677;2
1678;1
1680;2
1683;3
1684;1
1685;1
1686;1
1694;8
1695;1
1699;4
1701;2
1702;1
1703;1
1704;1
1706;2
1709;3
1713;4
1714;1
1715;1
1717;2
1718;1
1720;2
1722;2
1723;1
1725;2
1726;1
1727;1
1728;1
1730;2
1736;6
1738;2
1740;2
1741;1
1742;1
1743;1
1747;4
1755;8
1756;1
1759;3
1760;1
1761;1
1762;1
1764;2
1765;1
1767;2
1768;1
1769;1
1774;5
1776;2
1777;1
1787;0
1788;1
1790;2
1791;1
1792;1
1797;5
1799;2
1807;8
1808;1
1809;1
1810;1
1812;2
1814;2
1817;3
1821;4
1823;2
1824;1
1827;3
1830;0
1831;1
1835;0
1836;1
1839;3
1840;1
1841;1
1842;1
1843;1
1845;2
1847;2
1848;1
1849;1
1851;2
1852;1
1853;1
1854;1
1856;2
1858;2
1860;2
1861;1
1864;3
1865;1
1867;2
1869;2
1870;1
1874;4
1875;1
1876;1
1880;4
1883;3
1884;1
1886;2
1888;2
1890;2
1891;1
1893;2
1894;1
1898;4
1900;2
1901;1
1903;2
1905;2
1906;1
1907;1
1908;1
1909;1
1917;8
1923;6
1925;2
1930;5
1931;1
1934;3
1937;3
1938;1
1942;4
1945;3
1947;2
1951;4
1961;0
1962;1
1969;7
1970;1
1971;1
1974;3
1977;3
1979;2
1992;13
1998;6
1999;1
2002;3
2003;1
2005;2
2006;1
2007;1
2010;3
2020;10
2031;0
2063;32
2067;0
2068;1
2075;7
2078;3
2082;4
2083;1
2085;2
2086;1
2088;2
2089;1
2094;5
2095;1
2096;1
2097;1
2099;2
2107;8
2108;1
2110;2
2111;1
2112;1
2113;1
2114;1
2116;2
2118;2
2119;1
2123;4
2125;2
2126;1
2130;4
2141;11
2143;2
2145;2
2152;7
2153;1
2157;4
2159;2
2160;1
2168;8
2169;1
2170;1
2171;1
2172;1
2173;1
2174;1
2176;2
2180;4
2183;3
2185;2
2190;5
2192;2
2194;2
2195;1
2202;7
2204;2
2206;2
2209;3
2211;2
2215;4
2216;1
2218;2
2219;1
2220;1
2222;2
2224;2
2225;1
2229;4
2231;2
2242;11
2247;0
2253;6
2254;1
2256;2
2258;2
2259;1
2262;3
2266;4
2268;2
2270;2
2276;6
2277;1
2288;0
2289;1
2290;1
2291;1
2292;1
2293;1
2304;11
2325;21
2339;14
2341;2
2342;1
2366;0
2371;5
2372;1
2376;4
2377;1
2380;3
2382;2
2384;2
2387;3
2388;1
2392;4
2394;2
2397;3
2399;2
2406;7
2407;1
2409;2
2411;2
2413;2
2416;3
2421;5
2423;2
2427;4
2429;2
2430;1
2432;2
2435;3
2436;1
2439;3
2440;1
2441;1
2443;2
2444;1
2453;0
2456;0
2457;1
2477;0
2479;2
2498;19
2499;1
2500;1
2504;4
2505;1
2507;2
2515;0
2516;1
2519;3
2520;1
2526;6
2528;2
2534;6
2536;2
2539;3
2541;2
2542;1
2543;1
2544;1
2545;1
2547;2
2550;3
2551;1
2554;3
2556;2
2557;1
2564;7
2565;1
2571;6
2573;2
2577;4
2581;4
2582;1
2583;1
2584;1
2585;1
2586;1
2603;17
2607;4
2608;1
2610;2
2614;4
2616;2
2617;1
2620;3
2622;2
2624;2
2625;1
2626;1
2628;2
2630;2
2632;0
2636;4
2637;1
2638;1
2639;1
2641;2
2643;2
2644;1
2645;1
2646;1
2648;2
2649;1
2651;2
2652;1
2654;2
2656;2
2657;1
2658;1
2659;1
2660;1
2661;1
2662;1
2665;3
2668;3
2669;1
2670;1
2671;1
2672;1
2675;0
2679;4
2682;3
2685;3
2686;1
2687;1
2689;2
2693;4
2694;1
2695;1
2699;4
2701;2
2703;2
2704;1
2705;1
2706;1
2707;1
2709;2
2711;2
2716;5
2717;1
2718;1
2720;2
2721;1
2722;1
2723;1
2725;2
2736;11
2739;3
2743;4
2744;1
2749;5
2751;2
2753;2
2754;1
2755;1
2757;2
2762;5
2764;2
2765;1
2766;1
2767;1
2768;1
2769;1
2771;2
2772;1
2774;2
2775;1
2777;2
2778;1
2779;1
2780;1
2781;1
2782;1
2783;1
2785;2
2786;1
2801;15
2803;2
2807;4
2808;1
2809;1
2810;1
2811;1
2812;1
2813;1
2815;2
2817;2
2830;0
2831;1
2849;0
2850;1
2853;3
2855;2
2856;1
2857;1
2859;2
2861;2
2862;1
2863;1
2865;2
2866;1
2869;3
2871;2
2876;5
2887;11
2891;4
2894;3
2895;1
2896;1
2897;1
2898;1
2900;2
2901;1
2902;1
2904;2
2906;2
2909;3
2913;4
2914;1
2915;1
2916;1
2917;1
2919;2
2920;1
2921;1
2925;4
2926;1
2929;3
2933;4
2945;0
2946;1
2951;5
2953;2
2954;1
2955;1
2957;2
2958;1
2960;2
2964;4
2965;1
2966;1
2973;7
2977;4
2979;2
2980;1
2982;2
2985;3
2986;1
2987;1
2989;2
2992;3
2996;4
2997;1
2998;1
3000;2
3001;1
3013;12
3014;1
3017;3
3019;2
3020;1
3022;2
3029;7
3035;6
3038;3
3045;7
3052;7
3053;1
3056;3
3067;11
3069;2
3074;5
3075;1
3077;2
3080;3
3082;2
3083;1
3088;5
3091;3
3094;3
3095;1
3096;1
3097;1
3099;2
3104;5
3133;0
3136;3
3137;1
3138;1
3143;0
3149;6
3161;12
3163;2
3166;3
3167;1
3170;3
3171;1
3173;2
3174;1
3176;2
3177;1
3178;1
3185;0
3186;1
3187;1
3188;1
3191;3
3192;1
3203;0
3204;1
3205;1
3206;1
3207;1
3208;1
3209;1
3210;1
3211;1
3215;4
3221;6
3226;5
3227;1
3228;1
3230;2
3232;2
3233;1
3235;2
3236;1
3237;1
3240;3
3244;4
3246;2
3255;9
3259;4
3260;1
3262;2
3263;1
3264;1
3266;2
3268;2
3269;1
3271;2
3272;1
3273;1
3287;14
3291;4
3292;1
3298;6
3300;2
3302;2
3304;2
3308;4
3309;1
3310;1
3317;7
3326;9
3330;4
3332;2
3335;3
3336;1
3339;3
3341;2
3343;2
3344;1
3345;1
3347;2
3348;1
3349;1
3350;1
3353;3
3354;1
3355;1
3356;1
3357;1
3371;0
3385;14
3387;2
3388;1
3389;1
3391;2
3393;2
3394;1
3396;2
3397;1
3398;1
3400;2
3403;3
3405;2
3406;1
3407;1
3408;1
3409;1
3410;1
3411;1
3412;1
3413;1
3414;1
3415;1
3416;1
3426;10
3427;1
3429;2
3438;9
3439;1
3440;1
3441;1
3453;0
3456;3
3457;1
3458;1
3469;11
3471;2
3473;2
3474;1
3475;1
3477;2
3478;1
3486;8
3487;1
3490;3
3492;2
3497;5
3498;1
3510;0
3511;1
3518;7
3519;1
3521;2
3522;1
3523;1
3524;1
3525;1
3526;1
3529;3
3530;1
3531;1
3568;0
3602;34
3604;2
3640;36
3641;1
3649;8
3651;0
3652;1
3653;1
3654;1
3655;1
3662;7
3663;1
3668;0
3669;1
3671;2
3674;3
3679;5
3681;2
3682;1
3683;1
3684;1
3687;3
3689;2
3690;1
3691;1
3692;1
3694;2
3695;1
3696;1
3697;1
3698;1
3701;3
3705;4
3709;0
3711;2
3712;1
3713;1
3714;1
3715;1
3716;1
3717;1
3718;1
3728;0
3733;5
3734;1
3735;1
3736;1
3737;1
3738;1
3739;1
3740;1
3741;1
3743;2
3745;2
3746;1
3747;1
3749;2
3750;1
3751;1
3752;1
3754;2
3766;0
3768;2
3780;12
3781;1
3783;2
3784;1
3786;2
3790;4
3791;1
3793;2
3794;1
3795;1
3796;1
3797;1
3802;5
3804;2
3805;1
3806;1
3808;2
3809;1
3810;1
3811;1
3814;3
3816;2
3818;2
3822;4
3823;1
3826;3
3829;3
3830;1
3831;1
3834;3
3835;1
3838;3
3840;2
3842;2
3851;0
3852;1
3853;1
3854;1
3855;1
3859;0
3860;1
3877;0
3878;1
3880;2
3881;1
3882;1
3884;2
3891;7
3894;3
3896;2
3899;3
3900;1
3902;2
3903;1
3904;1
3906;2
3907;1
3908;1
3909;1
3912;3
3917;5
3921;4
3927;6
3956;0
3957;1
3961;4
3962;1
3963;1
3964;1
3965;1
3967;2
3968;1
3969;1
3973;0
3975;2
3976;1
3977;1
3979;2
3980;1
3982;2
3996;0
3997;1
3998;1
3999;1
4004;5
4007;3
4010;3
4011;1
4012;1
4013;1
4014;1
4015;1
4016;1
4017;1
4018;1
4020;2
4022;2
4023;1
4025;2
4026;1
4027;1
4028;1
4029;1
4031;2
4032;1
4036;0
4041;5
4042;1
4043;1
4045;2
4046;1
4047;1
4048;1
4051;3
4052;1
4053;1
4057;4
4058;1
4059;1
4060;1
4061;1
4064;3
4067;3
4068;1
4069;1
4070;1
4071;1
4073;2
4075;2
4080;0
4087;7
4088;1
4089;1
4097;8
4109;12
4113;4
4115;2
4117;2
4118;1
4125;0
4126;1
4132;6
4133;1
4134;1
4136;2
4137;1
4139;2
4140;1
4141;1
4142;1
4150;0
4151;1
4153;2
4154;1
4171;0
4182;0
4184;2
4186;2
4187;1
4191;0
4193;2
4195;2
4202;0
4204;2
4205;1
4209;4
4215;6
4216;1
4217;1
4218;1
4222;4
4223;1
4234;11
4253;0
4254;1
4257;3
4260;3
4263;3
4264;1
4266;2
4267;1
4268;1
4269;1
4287;0
4289;2
4290;1
4292;2
4296;4
4297;1
4299;2
4309;10
4312;3
4322;10
4323;1
4324;1
4325;1
4327;2
4328;1
4329;1
4331;2
4332;1
4348;0
4349;1
4350;1
4358;8
4360;2
4362;2
4363;1
4365;2
4366;1
4369;3
4370;1
4371;1
4372;1
4373;1
4375;2
4376;1
4377;1
4378;1
4381;3
4385;4
4386;1
4388;2
4389;1
4390;1
4396;6
4398;2
4402;4
4403;1
4409;6
4410;1
4412;2
4415;3
4416;1
4420;4
4422;2
4423;1
4424;1
4425;1
4426;1
4427;1
4428;1
4429;1
4431;2
4432;1
4435;3
4436;1
4437;1
4438;1
4439;1
4441;2
4443;2
4444;1
4445;1
4447;2
4448;1
4450;2
4451;1
4453;2
4454;1
4456;2
4462;6
4463;1
4464;1
4466;2
4468;2
4479;11
4485;6
4495;10
4506;11
4508;2
4512;4
4513;1
4516;3
4517;1
4518;1
4519;1
4520;1
4521;1
4522;1
4524;2
4526;2
4527;1
4530;3
4531;1
4535;4
4536;1
4537;1
4539;2
4540;1
4541;1
4542;1
4543;1
4545;2
4546;1
4547;1
4549;2
4550;1
4552;2
4561;0
4562;1
4565;3
4566;1
4568;2
4570;2
4597;0
4599;2
4601;2
4602;1
4603;1
4604;1
4606;2
4608;2
4615;7
4617;2
4618;1
4619;1
4621;2
4622;1
4625;3
4626;1
4627;1
4628;1
4630;2
4631;1
4632;1
4633;1
4635;2
4637;2
4638;1
4640;2
4643;3
4644;1
4646;2
4647;1
4648;1
4650;2
4651;1
4652;1
4653;1
4654;1
4655;1
4656;1
4657;1
4660;3
4662;2
4664;2
4665;1
4666;1
4667;1
4669;2
4671;2
4672;1
4676;4
4678;2
4679;1
4680;1
4683;3
4686;3
4687;1
4688;1
4689;1
4690;1
4691;1
4694;3
4695;1
4696;1
4697;1
4698;1
4699;1
4703;4
4704;1
4706;2
4707;1
4708;1
4710;2
4711;1
4712;1
4714;2
4715;1
4716;1
4717;1
4718;1
4727;0
4732;5
4733;1
4736;3
4738;2
4739;1
4742;3
4743;1
4745;2
4746;1
4747;1
4748;1
4751;3
4752;1
4754;2
4755;1
4757;2
4759;2
4761;2
4769;8
4771;2
4772;1
4773;1
4777;4
4781;4
4783;2
4785;2
4787;2
4790;3
4791;1
4792;1
4794;2
4797;3
4800;3
4801;1
4802;1
4806;4
4808;2
4809;1
4814;5
4815;1
4816;1
4817;1
4820;3
4822;2
4824;2
4825;1
4831;6
4832;1
4833;1
4840;7
4841;1
4844;3
4846;2
4850;4
4851;1
4852;1
4853;1
4859;6
4860;1
4861;1
4863;2
4865;2
4866;1
4868;2
4870;2
4871;1
4872;1
4876;4
4877;1
4878;1
4883;5
4887;4
4888;1
4889;1
4893;4
4895;2
4902;7
4904;2
4906;2
4907;1
4908;1
4909;1
4911;2
4917;6
4918;1
4920;2
4921;1
4927;6
4936;9
4938;2
4939;1
4941;2
4943;2
4947;4
4950;3
4951;1
4953;2
4954;1
4955;1
4956;1
4957;1
4959;2
4965;6
4968;3
4973;5
4975;2
4976;1
4977;1
4979;2
4980;1
4981;1
4982;1
4983;1
4984;1
4986;2
4987;1
4996;9
4997;1
4998;1
5000;2
5002;2
5006;4
5008;2
5013;5
5035;0
5036;1
5037;1
5038;1
5039;1
5043;4
5044;1
5046;2
5048;2
5050;2
5051;1
5052;1
5053;1
5055;2
5056;1
5057;1
5058;1
5059;1
5060;1
5061;1
5063;2
5065;2
5066;1
5067;1
5068;1
5072;4
5083;0
5087;4
5088;1
5089;1
5090;1
5093;3
5094;1
5095;1
5096;1
5099;3
5100;1
5101;1
5102;1
5105;3
5107;2
5108;1
5110;2
5113;3
5114;1
5115;1
5117;2
5118;1
5120;2
5121;1
5126;5
5134;8
5136;2
5138;2
5141;3
5153;12
5154;1
5156;2
5158;2
5162;4
5163;1
5164;1
5166;2
5167;1
5168;1
5179;11
5182;3
5183;1
5187;4
5188;1
5192;4
5193;1
5194;1
5195;1
5199;4
5201;2
5203;2
5206;3
5209;3
5210;1
5223;0
5225;2
5226;1
5227;1
5228;1
5232;4
5233;1
5234;1
5235;1
5236;1
5237;1
5238;1
5239;1
5240;1
5241;1
5242;1
5243;1
5244;1
5245;1
5246;1
5247;1
5248;1
5250;2
5253;3
5254;1
5255;1
5256;1
5257;1
5259;2
5260;1
5261;1
5262;1
5264;2
5266;2
5267;1
5269;2
5270;1
5271;1
5272;1
5273;1
5274;1
5275;1
5276;1
5277;1
5278;1
5279;1
5280;1
5281;1
5282;1
5284;2
5285;1
5286;1
5287;1
5289;2
5292;0
5293;1
5294;1
5295;1
5296;1
5297;1
5299;2
5301;2
5302;1
5306;4
5307;1
5308;1
5309;1
5310;1
5312;2
5313;1
5314;1
5315;1
5316;1
5317;1
5319;2
5322;0
5323;1
5324;1
5328;4
5336;8
5337;1
5338;1
5339;1
5340;1
5341;1
5342;1
5343;1
5344;1
5346;2
5351;5
5362;0
5363;1
5364;1
5368;4
5371;3
5372;1
5374;2
5376;2
5378;2
5381;3
5383;2
5389;6
5394;5
5408;0
5411;3
5412;1
5415;3
5416;1
5417;1
5418;1
5419;1
5421;2
5422;1
5423;1
5425;2
5427;2
5428;1
5429;1
5432;3
5434;2
5437;3
5438;1
5439;1
