Node 1;Node 2;Weight;Mentions
Bogies;Ron;0.0;1
Treacle;Hagrid;0.0;1
Dundee;Dursley;0.0302083333333;1
Sorcerer;Hagrid;0.0;1
Sorcerer;Ron;0.0;2
Dad;Hagrid;0.0;1
Dad;Ron;-0.190681818182;4
Dad;Dudley;0.0;1
Dad;Fred;0.047619047619;2
Dad;Harry;-0.616666666667;1
Dad;Ginny;0.0;1
Dad;George;0.0;2
sagely;Neville;0.383333333333;2
sagely;Dean;0.258333333333;2
sagely;Lee;0.22619047619;2
sagely;Ron;0.122668997669;13
sagely;impatiently;0.0833333333333;2
sagely;Professor;0.140740740741;9
sagely;Dumbledore;0.0416666666667;4
sagely;thirteen-year-old;0.245833333333;2
sagely;Harry;0.0825;15
pompously;Neville;1.0;1
pompously;Ron;0.314814814815;3
pompously;Dumbledore;0.140163907138;12
pompously;Weasley;0.472193877551;2
pompously;Percy;0.410416666667;2
pompously;Nick;0.5;2
pompously;Harry;0.0124814814815;15
pompously;Seamus;1.0;1
pompously;airily;0.59375;2
Lucky;Ron;0.333333333333;1
Award;Dumbledore;0.678571428571;1
W-what;Weasley;0.0;1
Day;Dumbledore;0.28125;1
Celebrity;Hagrid;0.0;1
Voldemort;quietly;-0.11485042735;1
Voldemort;Dumbledore;0.145055282738;4
Voldemort;Dursley;0.142857142857;1
Voldemort;Ernie;0.11875;1
Voldemort;Professor;0.00385141093474;15
Voldemort;McGonagall;0.142857142857;1
Voldemort;calmly;0.0714285714286;2
Voldemort;idly;0.05;1
Voldemort;gently;0.567299107143;3
Voldemort;Hagrid;0.0114254792826;7
Voldemort;slowly;0.0;1
Voldemort;Malfoy;0.0966666666667;1
Voldemort;Harry;0.252977878633;6
Voldemort;Dudley;0.0607142857143;2
Mrs.;Hagrid;0.100231481481;12
Mrs.;Dursley;-0.0363636363636;11
Mrs.;Ron;0.0643312682215;8
Mrs.;Weasley;0.118139648437;9
Mrs.;Fred;0.321130952381;3
Mrs.;Mr.;0.1;2
Mrs.;Harry;0.0685287878788;6
Mrs.;enviously;0.1;2
I'd;quietly;0.0;1
I'd;Hagrid;0.131339764286;8
I'd;Justin;0.516666666667;1
I'd;Ron;-0.300716857143;8
I'd;Dumbledore;-0.15;2
I'd;Head;0.25;1
I'd;idly;0.05;1
I'd;Wood;0.283333333333;1
I'd;Quirrell;-0.2;1
I'd;Malfoy;0.3;1
I'd;Harry;0.279569346591;7
I'd;gloomily;-0.025;1
I'd;Snape;0.0;1
I'd;Myrtle;-0.00343915343915;1
I'd;Dobby;0.0;1
I'd;George;0.0;1
I'd;Lockhart;-0.08630952381;3
I'd;Hermione;-0.260959765625;6
blankly;Pomfrey;0.0;1
blankly;Hagrid;0.189074074074;15
blankly;Ron;0.0;2
blankly;Dumbledore;0.0127303240741;19
blankly;dreamily;-0.0486111111111;3
blankly;fiercely;-0.192708333333;2
blankly;Hermione;0.0464814814815;10
blankly;Harry;0.0111805555556;19
Defense;gloomily;-0.025;1
Defense;Ron;-0.1875;1
Defense;Harry;-0.0338383838384;1
team;Wood;0.9;1
Petunia;Hagrid;0.0402904040404;22
Petunia;Lily;0.515625;1
Petunia;Dudley;0.146428571429;4
Petunia;Mason;0.0;1
Petunia;Vernon;0.0;2
Petunia;loudly;-0.3;1
Petunia;Uncle;0.304829166667;10
Petunia;Harry;0.142696329365;16
Petunia;Aunt;0.4;2
Petunia;tonelessly;0.0;2
Petunia;Dursleys;-0.25;2
George;quietly;0.0;1
George;Lupin;-0.125;3
George;Weasley;0.137042635987;4
George;Wood;0.0741066645407;4
George;flatly;-0.0833333333333;3
George;Forge;-0.8;1
George;Chaser;0.0;2
George;Ginny;0.358333333333;2
George;Christmas;0.0;1
George;Dad;0.0;2
George;Gryffindor;0.14;3
George;Lee;-0.1;4
George;Fred;0.271612776368;11
George;Flint;0.0506392045455;8
George;Snitch;-0.8;1
George;heartily;0.0290404040404;3
George;Uncle;0.123478835979;15
George;exasperated;0.0;3
George;casually;-0.2;1
George;Errol;0.0392063492063;7
George;Bill;-0.175;1
George;Malfoy;0.0454545454545;3
George;angrily;-0.2;1
George;I'd;0.0;1
George;Hermione;0.101809090909;6
George;sharply;-0.0142857142857;3
George;Harry;0.0660412324947;12
George;alone;-0.10625;1
George;Hooch;0.12662037037;3
George;Bludger;-0.053125;2
George;Hagrid;0.0654761904762;6
George;You'd;0.7;1
George;Ron;-0.0789000087251;10
George;House;0.0666666666667;1
George;Percy;-0.225652380952;7
George;Colin;0.18787037037;5
George;Slytherin;0.00578124999985;5
Levi-o-sa;Harry;0.0166666666667;1
Willow;Hermione;0.392857142857;1
Weasley;hotly;0.0;2
Weasley;Perry;0.0;2
Weasley;pompously;0.472193877551;2
Weasley;suddenly;-0.166666666667;3
Weasley;gently;0.291666666667;1
Weasley;He'd;0.0;2
Weasley;Nick;0.273598356009;3
Weasley;Mr.;-0.0333333333333;6
Weasley;Wood;0.0599999999998;3
Weasley;thoughtfully;0.333333333333;2
Weasley;Chaser;0.0;2
Weasley;Goyle;-0.2;2
Weasley;Ginny;0.0783520408163;6
Weasley;dimly;0.145833333333;2
Weasley;Lee;-0.166666666667;3
Weasley;Seamus;-0.055612244898;1
Weasley;Fred;0.258737881018;5
Weasley;scornfully;-0.0333333333333;1
Weasley;Snape;-0.116666666667;2
Weasley;Minister;0.341666666667;1
Weasley;Uncle;-0.0214117063492;3
Weasley;W-what;0.0;1
Weasley;slowly;0.183333333333;1
Weasley;airily;0.065943877551;2
Weasley;Neville;0.133333333333;2
Weasley;Mortlake;-0.203333333333;1
Weasley;Errol;0.00893939393939;5
Weasley;Professor;0.28869047619;4
Weasley;Dumbledore;0.114435393457;13
Weasley;Malfoy;0.259063291154;8
Weasley;suspiciously;0.0;2
Weasley;Hermione;0.23060120467;11
Weasley;Harry;0.0694242564741;15
Weasley;enviously;-0.0333333333333;6
Weasley;shakily;0.0;2
Weasley;Lockhart;0.330625;3
Weasley;pleasantly;0.470833333333;2
Weasley;Hagrid;0.307726155754;5
Weasley;Ron;0.191274782289;22
Weasley;Mrs.;0.118139648437;9
Weasley;Percy;0.291201226229;5
Weasley;Colin;0.171875;2
Weasley;Muggle;0.0302083333333;2
Weasley;Dobby;0.136166666667;10
Weasley;Committee;-0.203333333333;1
Weasley;Slytherin;0.0;2
Weasley;Finch-Fletchley;0.0;1
Weasley;Myrtle;-0.025;4
Weasley;George;0.137042635987;4
Weasley;automatically;0.0;2
Weasley;Relief;0.445833333333;2
past;Percy;-0.185546875;1
past;Ron;-0.25;1
R-Riddle;Ron;-0.15625;1
Invisibility;Hagrid;0.5;1
Goyle;Hagrid;0.119312169312;9
Goyle;Scabbers;0.183333333333;3
Goyle;Ron;0.227659925773;10
Goyle;suddenly;-0.3;3
Goyle;Harry;0.147180183532;4
Goyle;Remembrall;-0.133333333333;3
Goyle;Malfoy;0.023492063492;3
Goyle;Weasley;-0.2;2
Goyle;Percy;0.225;3
Goyle;Slytherin;0.5;2
Goyle;Snape;-0.4;1
Goyle;Hermione;0.429686309524;10
Goyle;Granger;-0.0892857142857;1
Goyle;matter-of-factly;0.4125;2
Goyle;darkly;0.25;1
Goyle;Crabbe;0.321428571429;2
Moony;Snape;0.0446428571429;1
Red;Hagrid;0.0;1
Head;stiffly;0.370833333333;2
Head;Sir;-0.0291666666667;2
Head;nervously;0.11;5
Head;Ron;0.0474255952381;5
Head;quickly;0.0166666666667;2
Head;Nick;0.223077876985;5
Head;I'd;0.25;1
Head;Hermione;0.0844972686044;8
Head;Harry;0.0753007703081;4
Head;Myrtle;-0.0583333333333;1
Head;Hall;-0.0291666666667;2
Head;Lockhart;-0.0291666666667;2
Gilderoy;Malfoy;0.416666666667;1
Mudbloods;Ron;0.0;1
Mudbloods;Malfoy;0.027125;3
Ones;Harry;0.4;1
ever;Harry;0.0265625;1
Neville;Pomfrey;0.416666666667;1
Neville;miserably;0.125;2
Neville;pompously;1.0;1
Neville;grumpily;0.0972222222222;3
Neville;Lupin;0.199074074074;3
Neville;thirteen-year-old;0.4625;2
Neville;Weasley;0.133333333333;2
Neville;He'd;0.133333333333;3
Neville;Nick;0.0;1
Neville;Wood;0.2;2
Neville;Magic;0.233333333333;2
Neville;again;0.190277777778;2
Neville;Gryffindor;0.5;1
Neville;sagely;0.383333333333;2
Neville;Lee;0.442857142857;2
Neville;Hannah;-0.0257575757576;11
Neville;Filch;0.320000000001;13
Neville;Parselmouth;-0.15;1
Neville;Uncle;0.457264957265;1
Neville;Granger;0.457264957265;1
Neville;Stan;-0.00876984126984;10
Neville;Snape;-0.0674805636539;8
Neville;airily;0.1875;1
Neville;stoutly;-0.0777777777778;1
Neville;Great;0.457264957265;1
Neville;timidly;0.0972222222222;3
Neville;Don;0.0;2
Neville;Professor;0.0739274691358;3
Neville;Dumbledore;0.200724809677;12
Neville;faintly;-0.0845238095238;7
Neville;Malfoy;-0.144046875;5
Neville;Future;-0.0388888888889;2
Neville;Hermione;-0.188389557736;12
Neville;Harry;0.078788354338;17
Neville;Ern;0.2;5
Neville;shakily;0.133333333333;3
Neville;Lockhart;-0.0237973484848;22
Neville;brightly;-0.078125;8
Neville;Hagrid;0.0887074829932;21
Neville;Dean;0.475;2
Neville;Ron;0.0371833915673;12
Neville;impatiently;0.3;2
Neville;Percy;-0.179166666667;3
Neville;thing;0.0;3
Neville;loudly;-0.0555194805195;7
Neville;Slytherin;0.4;4
Charlie;Professor;0.0;1
Charlie;Harry;0.289415584416;4
Charlie;Ron;-0.197916666667;1
Charlie;Fred;0.57;1
Professor;just;0.245;1
Professor;heavily;0.127083333333;12
Professor;Lupin;0.0653125;2
Professor;thirteen-year-old;0.158333333333;9
Professor;Dudley;0.0225758038258;13
Professor;earth;0.15;2
Professor;sagely;0.140740740741;9
Professor;McGonagall;0.026242835097;12
Professor;Fred;0.136217948718;13
Professor;Snape;0.132694087559;12
Professor;Muggles;0.142857142857;2
Professor;Magic;0.0125;2
Professor;casually;0.0113425925926;9
Professor;Voldemort;0.00385141093474;15
Professor;Lockhart;0.575304749325;7
Professor;desperately;-0.00555555555556;3
Professor;Potter;-0.1888125;4
Professor;calmly;0.026242835097;12
Professor;Neville;0.0739274691358;3
Professor;hoarsely;0.25;2
Professor;Longbottom;0.45;1
Professor;Lee;0.083805753968;11
Professor;Filch;0.359523809524;3
Professor;stoutly;-0.002734375;8
Professor;Stone;0.0113425925926;9
Professor;Charlie;0.0;1
Professor;Professor;0.0285714285714;2
Professor;Malfoy;0.0338071428572;5
Professor;alone;-0.0666666666667;1
Professor;abruptly;0.166666666667;3
Professor;Hagrid;0.0777483668895;11
Professor;Dean;0.178827838828;9
Professor;You'd;0.00714285714286;2
Professor;Ron;0.264358481318;28
Professor;impatiently;0.122222222222;9
Professor;Parkinson;-0.146875;4
Professor;Percy;0.0791213262649;4
Professor;Slytherin;0.075;1
Professor;Pomfrey;0.0714814814815;10
Professor;Mandrakes;0.0285714285714;2
Professor;angrily;0.5;1
Professor;Nick;0.245;1
Professor;Black;-0.0222222222222;1
Professor;thoughtfully;0.330357142857;2
Professor;Hufflepuff;0.0;2
Professor;sadly;0.1625;6
Professor;Express;0.207142857143;1
Professor;June;-0.109375;1
Professor;Remembrall;-0.1;4
Professor;Ministry;0.366666666667;1
Professor;Dumbledore;0.0586761945054;10
Professor;Weasley;0.28869047619;4
Professor;Chamber;0.202777777778;3
Professor;Relief;0.442857142857;2
Professor;Harry;-0.0341719443072;30
Professor;Seamus;0.0056;6
Professor;Tonight;0.48;1
Professor;Colin;0.345;4
Professor;fiercely;0.0571428571429;7
Professor;proof;0.0660317460317;1
Professor;Sir;0.0622996794872;13
Professor;Quidditch;-0.25;2
Professor;Dursley;0.026242835097;12
Professor;Wizard;0.3175;1
Professor;gently;0.315824175824;14
Professor;dreamily;-0.0138888888889;1
Professor;Wood;0.392933333333;11
Professor;Lord;-0.0666666666667;2
Professor;Ginny;0.0363095238096;4
Professor;Albus;0.25;1
Professor;again;0.0484953703704;9
Professor;Gryffindor;0.00540337359433;8
Professor;Transfiguration;0.00291666666667;5
Professor;Arithmancy;0.0635802469136;6
Professor;Lady;0.0166666666667;6
Professor;Hall;0.483333333333;1
Professor;furiously;0.0;1
Professor;faintly;0.0592948717949;13
Professor;dimly;0.142857142857;2
Professor;Future;-0.00243055555556;9
Professor;Hermione;0.687190920707;18
Professor;nothing;0.575;1
Professor;Hooch;0.0197834085557;14
Professor;Patil;-0.0597222222222;5
Professor;pleasantly;0.467857142857;2
Professor;Dobby;0.0574239682536;11
Professor;briskly;0.055787037037;9
never;scornfully;-0.0333333333333;1
never;Lupin;0.5;1
never;Ron;0.0;1
never;Harry;-0.291666666667;1
here;Ron;-0.183333333333;1
Angelina;Lee;-0.0793939393939;11
Angelina;Harry;0.0;3
Angelina;Cho;0.40625;2
Angelina;Wood;0.25;2
Angelina;Flint;-0.3125;2
Angelina;Slytherin;0.0;2
Angelina;Hooch;0.0;7
Angelina;tersely;0.0;2
Mr;Lupin;0.333333333333;1
Mr;Snape;-0.05;1
alone;Professor;-0.0666666666667;1
alone;George;-0.10625;1
boy;Ron;-0.093253968254;9
boy;Harry;0.0333333333333;10
Bludger;Lee;0.4203125;2
Bludger;angrily;-0.1;2
Bludger;Fred;-0.0327272727273;5
Bludger;Wood;-0.0625;4
Bludger;Dobby;0.0;1
Bludger;Harry;-0.184375;2
Bludger;George;-0.053125;2
Hagrid;Fang;0.0768565759637;2
Hagrid;Treacle;0.0;1
Hagrid;Muggles;0.640464646465;9
Hagrid;Dudley;0.106979529027;13
Hagrid;Sorcerer;0.0;1
Hagrid;Dad;0.0;1
Hagrid;McGonagall;-0.0104797979798;6
Hagrid;Fred;1.05657142857;6
Hagrid;Hogwarts;0.070207142857;4
Hagrid;Flint;-0.1;4
Hagrid;Snitch;0.0;1
Hagrid;casually;0.0;1
Hagrid;Stalagmite;-0.714285714286;1
Hagrid;Celebrity;0.0;1
Hagrid;Voldemort;0.0114254792826;7
Hagrid;Mrs.;0.100231481481;12
Hagrid;I'd;0.131339764286;8
Hagrid;Flamel;-0.6;1
Hagrid;Lockhart;0.312824702381;4
Hagrid;anxiously;-0.0775199652778;9
Hagrid;Potter;-0.0436850649351;2
Hagrid;blankly;0.189074074074;15
Hagrid;twice;0.0789473684211;19
Hagrid;London;0.0295918367347;3
Hagrid;Petunia;0.0402904040404;22
Hagrid;George;0.0654761904762;6
Hagrid;Knuts;0.0;1
Hagrid;smoothly;0.0116898148148;12
Hagrid;D'yeh;0.0;1
Hagrid;Neville;0.0887074829932;21
Hagrid;Diggle;0.158333333333;15
Hagrid;hoarsely;-0.0755084325397;16
Hagrid;Quirrell;0.114583333333;18
Hagrid;Invisibility;0.5;1
Hagrid;Mars;0.7;1
Hagrid;Goyle;0.119312169312;9
Hagrid;Red;0.0;1
Hagrid;Lee;-0.00688775510205;3
Hagrid;Filch;0.0942734839475;30
Hagrid;needin;0.25;1
Hagrid;Stone;0.0;1
Hagrid;Norbert;0.0;1
Hagrid;Professor;0.0777483668895;11
Hagrid;timidly;0.0785595238095;20
Hagrid;You-Know-Who;-0.3125;2
Hagrid;Malfoy;0.240158015199;26
Hagrid;darkly;0.102976190476;8
Hagrid;Aragog;0.151666666667;4
Hagrid;Firstly;0.0518140589569;7
Hagrid;Lucius;0.283333333333;1
Hagrid;coldly;0.0798214285714;15
Hagrid;Gringotts;-0.121111111111;2
Hagrid;abruptly;-0.0710667600373;17
Hagrid;Yeh;0.2993707341;11
Hagrid;Hagrid;-0.166666666667;3
Hagrid;Ron;0.648907297554;34
Hagrid;Percy;0.0;1
Hagrid;Griphook;0.116666666667;8
Hagrid;loudly;0.0254951690821;23
Hagrid;Little;-0.0873701298701;1
Hagrid;Slytherin;0.0654761904762;6
Hagrid;Cornelius;0.1;1
Hagrid;Pomfrey;0.203939393939;2
Hagrid;quietly;0.0;1
Hagrid;suddenly;0.0416666666667;11
Hagrid;calmly;-0.0104797979798;6
Hagrid;Muggle;0.0;1
Hagrid;Black;-0.260416666667;1
Hagrid;Hufflepuff;0.0;1
Hagrid;Firenze;0.230374313187;13
Hagrid;quickly;0.113463203463;11
Hagrid;Vernon;0.130381944444;12
Hagrid;slowly;0.11875;1
Hagrid;way;-0.2125;1
Hagrid;Uncle;0.0883295261099;4
Hagrid;That'd;0.142857142857;1
Hagrid;Dumbledore;0.142886559314;8
Hagrid;Ridgeback;-0.0420634920635;1
Hagrid;Weasley;0.307726155754;5
Hagrid;Hags;0.159861111111;15
Hagrid;sharply;0.0338675213675;13
Hagrid;Harry;0.678228831699;52
Hagrid;enviously;0.0835648148148;12
Hagrid;Colin;-0.0710667600373;17
Hagrid;Wood;0.119285714286;10
Hagrid;Quidditch;0.0;2
Hagrid;Dursley;0.0888132304203;15
Hagrid;grumpily;0.0785595238095;20
Hagrid;urgently;0.0714285714286;2
Hagrid;Father;0.0;1
Hagrid;gently;0.0133387445887;7
Hagrid;He'd;-0.1875;1
Hagrid;Yeah...he;0.258333333333;1
Hagrid;Mr.;0.176398344921;12
Hagrid;fiercely;0.16337962963;15
Hagrid;gloomily;0.0164806547619;20
Hagrid;Chaser;0.0654761904762;6
Hagrid;mysteriously;0.0481687242798;9
Hagrid;Gryffindor;0.6;1
Hagrid;Bane;0.129166666667;6
Hagrid;Snape;0.0519127453125;6
Hagrid;wantin;0.5;1
Hagrid;Hall;0.8;1
Hagrid;Wednesday;-0.15;1
Hagrid;Hermione;-0.317452528753;23
Hagrid;letter;0.0;1
Hagrid;Scabbers;0.0910285714286;11
Hagrid;Hedwig;0.0;1
Hagrid;Mommy;0.0;1
Hagrid;briskly;0.4;1
Hagrid;Buckbeak;0.271428571429;2
Hagrid;Fame;0.0;1
Hagrid;Ollivander;0.333333333333;1
Dean;Sir;0.26953125;2
Dean;Neville;0.475;2
Dean;sagely;0.258333333333;2
Dean;Lee;0.208916170635;7
Dean;Ron;0.160802945038;8
Dean;impatiently;0.175;2
Dean;Ernie;-0.0384615384615;2
Dean;Professor;0.178827838828;9
Dean;Dumbledore;0.0875;4
Dean;thirteen-year-old;0.3375;2
Dean;Malfoy;-0.0384615384615;2
Dean;Fred;0.75;2
Dean;Percy;0.2;3
Dean;faintly;0.25;2
Dean;Harry;0.34130552067;8
Dean;Snape;-0.0769230769231;1
Dean;Lockhart;0.109615384615;5
Fawkes;weapons;0.4375;1
Fawkes;Dumbledore;0.0648148148148;1
Fawkes;Hat;0.1;1
Fawkes;Harry;0.0949718915344;2
Fluffy;Harry;0.211111111111;1
Please...they;Harry;0.0;1
Percy;hotly;0.3125;2
Percy;Perry;0.3125;2
Percy;Baron;-0.3953125;2
Percy;pompously;0.410416666667;2
Percy;Lupin;0.0;2
Percy;Weasley;0.291201226229;5
Percy;past;-0.185546875;1
Percy;Nick;-0.0895833333333;2
Percy;Goyle;0.225;3
Percy;Ginny;-0.0676515151517;3
Percy;Crabbe;0.105952380952;3
Percy;again;0.0779761904762;6
Percy;Gryffindor;0.25;4
Percy;Hufflepuff;0.259091331845;2
Percy;Lee;-0.0777777777778;1
Percy;Hannah;-0.0314814814815;9
Percy;Fred;0.529004166667;7
Percy;suspiciously;0.3125;2
Percy;Hall;0.120833333333;4
Percy;airily;0.00416666666667;2
Percy;Neville;-0.179166666667;3
Percy;You-Know-Who;0.0;1
Percy;opposite;0.107142857143;6
Percy;Errol;0.116666666667;2
Percy;Professor;0.0791213262649;4
Percy;Dumbledore;0.132842320802;12
Percy;faintly;0.0333333333333;3
Percy;Malfoy;0.115691964286;3
Percy;angrily;0.125;4
Percy;Hermione;0.240112534162;6
Percy;Harry;0.366309166882;54
Percy;Seamus;-0.179166666667;1
Percy;Sir;0.0463541666667;3
Percy;Hagrid;0.0;1
Percy;Dean;0.2;3
Percy;Ron;0.181757092653;56
Percy;Potter;0.0;1
Percy;Penelope;0.4375;1
Percy;thing;0.0;1
Percy;Colin;0.484375;2
Percy;Slytherin;0.225;2
Percy;Finch-Fletchley;0.625;1
Percy;Myrtle;0.13125;4
Percy;George;-0.225652380952;7
Percy;automatically;0.3125;2
Griphook;Hagrid;0.116666666667;8
Griphook;Harry;0.0;6
Pomfrey;Neville;0.416666666667;1
Pomfrey;Hagrid;0.203939393939;2
Pomfrey;Ron;0.0964814814815;2
Pomfrey;Professor;0.0714814814815;10
Pomfrey;constantly;0.0416666666667;2
Pomfrey;Potter;0.0;1
Pomfrey;blankly;0.0;1
Pomfrey;fiercely;0.107201646091;9
Pomfrey;Dobby;0.00715925925926;25
Pomfrey;Harry;0.546365277778;3
Pomfrey;Dumbledore;0.0877104377104;11
Pomfrey;Lockhart;0.233333333333;1
Pomfrey;Hermione;0.105892255892;11
Devil;Hermione;0.0;1
Devil;Harry;0.1;1
family;Dobby;0.0;1
suddenly;furiously;0.0;2
suddenly;Ron;0.0177777777778;10
suddenly;Weasley;-0.166666666667;3
suddenly;Dudley;0.0;2
suddenly;Vernon;0.0;2
suddenly;Hagrid;0.0416666666667;11
suddenly;Snape;-0.111736111111;3
suddenly;Hermione;0.0292013888889;9
suddenly;Harry;0.023946969697;5
suddenly;Aunt;-0.0138888888889;9
suddenly;Goyle;-0.3;3
suddenly;Uncle;-0.075;8
angrily;Bludger;-0.1;2
angrily;Lee;-0.2;1
angrily;Ron;0.140163194444;5
angrily;Professor;0.5;1
angrily;Dudley;0.08;5
angrily;Malfoy;0.0569146825397;6
angrily;Fred;-0.0727272727273;5
angrily;Percy;0.125;4
angrily;Colin;0.101851851852;3
angrily;Wood;-0.1;2
angrily;Uncle;0.025;6
angrily;Hermione;-0.075;2
angrily;George;-0.2;1
angrily;Harry;0.33125;6
angrily;Ginny;0.037037037037;9
angrily;Hall;0.491666666667;2
angrily;Lockhart;-0.0496794871795;13
young;Lockhart;0.288461538462;1
Nick;stiffly;0.526666666667;3
Nick;Sir;0.26;3
Nick;Gryffindor;0.250994318182;1
Nick;Dumbledore;0.0568305738045;12
Nick;airily;0.09375;2
Nick;Ron;0.0084992784993;4
Nick;pompously;0.5;2
Nick;Head;0.223077876985;5
Nick;Professor;0.245;1
Nick;Hunt;0.0;1
Nick;Neville;0.0;1
Nick;Weasley;0.273598356009;3
Nick;Percy;-0.0895833333333;2
Nick;Hermione;0.123661067194;23
Nick;excitedly;0.069708994709;9
Nick;Harry;0.0905030549454;18
Nick;Norris;0.125340136054;7
Nick;Myrtle;0.39;2
Nick;Seamus;0.0;1
Nick;Hall;0.26;3
Nick;Lockhart;0.26;3
fearfully;Ron;-0.05;4
fearfully;Harry;0.0;4
Spinnet;Hermione;-0.145833333333;1
Tom;slowly;0.0164502164502;3
Tom;urgently;-0.125;2
Tom;Potter;0.16625;2
Tom;triumphantly;0.047619047619;2
Tom;Harry;0.0338516414141;24
It'd;Ron;0.5;1
It'd;Malfoy;0.333333333333;1
Express;Professor;0.207142857143;1
June;Professor;-0.109375;1
They'd;Dumbledore;0.212;1
They'd;Ron;-0.6;1
Vernon;furiously;0.0;2
Vernon;Dursley;0.0658234126984;3
Vernon;suddenly;0.0;2
Vernon;Dudley;0.356428571429;4
Vernon;Hagrid;0.130381944444;12
Vernon;Uncle;0.363521089744;11
Vernon;Harry;0.252834821428;4
Vernon;Aunt;0.509125;11
Vernon;Petunia;0.0;2
Vernon;tonelessly;0.0;2
Hogwarts;Hagrid;0.070207142857;4
Hogwarts;Dursley;0.0714285714286;1
Hogwarts;Ron;0.5;2
Hogwarts;Dumbledore;0.05;1
Hogwarts;Malfoy;-0.333333333333;1
Hogwarts;Fred;0.1125;1
Hogwarts;Hermione;0.3;1
Hogwarts;Harry;-0.544166666667;5
Hogwarts;Hall;0.0;1
Hogwarts;Lee;0.24;1
Erised;gently;0.0;1
Ministry;Ron;0.125;2
Ministry;Professor;0.366666666667;1
Ministry;Dumbledore;0.5;1
Ministry;Malfoy;0.15;1
Ministry;Fred;0.1125;1
Ministry;Mr.;0.0;1
Ministry;Harry;0.5;1
grimly;Hermione;0.0;9
grimly;Harry;-0.143518518519;9
Granger;Neville;0.457264957265;1
Granger;Goyle;-0.0892857142857;1
Granger;Ron;-0.1625;1
Granger;Malfoy;0.025;1
Granger;Harry;0.0;1
Granger;Myrtle;0.0;1
Wednesday;Hagrid;-0.15;1
Quaffle;Hooch;0.0;1
Quaffle;Wood;0.564423076923;2
Quaffle;Lee;0.4203125;1
Quaffle;Harry;0.0;1
Quaffle;Slytherin;-0.603569878472;1
sharply;Hagrid;0.0338675213675;13
sharply;Fang;0.475;2
sharply;Ron;0.144937461141;15
sharply;smoothly;0.3;1
sharply;exasperated;-0.0214285714286;2
sharply;Wood;0.064276069224;27
sharply;Malfoy;0.0939258658008;3
sharply;Colin;0.224123677249;4
sharply;hoarsely;0.0;4
sharply;Flint;0.0517509276438;7
sharply;Hermione;0.206412337662;3
sharply;flatly;-0.146428571429;2
sharply;Harry;0.173667005354;15
sharply;heartily;0.022132034632;2
sharply;Dumbledore;0.144444444444;3
sharply;Myrtle;0.2;5
sharply;Ginny;0.0;1
sharply;George;-0.0142857142857;3
enviously;Hagrid;0.0835648148148;12
enviously;Ron;0.0;2
enviously;Weasley;-0.0333333333333;6
enviously;Mrs.;0.1;2
enviously;Mr.;0.0;2
enviously;Harry;0.069696969697;11
Seamus;Sir;0.0;1
Seamus;Dumbledore;0.0619969896049;11
Seamus;Ron;0.44375;3
Seamus;pompously;1.0;1
Seamus;Professor;0.0056;6
Seamus;Muggles;-0.375;1
Seamus;Weasley;-0.055612244898;1
Seamus;airily;0.1875;1
Seamus;Percy;-0.179166666667;1
Seamus;Nick;0.0;1
Seamus;Snape;0.2890625;4
Seamus;Hermione;0.106666666667;4
Seamus;Harry;0.121005066176;18
Seamus;Transfiguration;0.00364583333333;4
Seamus;Hall;-0.03125;4
Seamus;Chamber;-0.0145833333333;2
Bath;Ron;0.125;1
Tonight;Professor;0.48;1
fiercely;Pomfrey;0.107201646091;9
fiercely;Hagrid;0.16337962963;15
fiercely;sadly;0.191666666667;3
fiercely;Ernie;-0.0310080395795;7
fiercely;Ron;-0.208833333333;3
fiercely;Hannah;0.0;1
fiercely;Professor;0.0571428571429;7
fiercely;Dumbledore;-0.385416666667;3
fiercely;Malfoy;0.0;4
fiercely;blankly;-0.192708333333;2
fiercely;Muggle;0.0;1
fiercely;Arithmancy;-0.00617283950617;3
fiercely;Hermione;0.052042989418;4
fiercely;Harry;-0.0309639866998;17
fiercely;really;0.416666666667;1
fiercely;Lady;-0.1;3
fiercely;Dobby;-0.0523888888889;15
proof;Professor;0.0660317460317;1
Quidditch;Hagrid;0.0;2
Quidditch;Ron;0.3125;1
Quidditch;Professor;-0.25;2
Quidditch;Colin;0.383333333333;1
Quidditch;Wood;0.409821428572;3
Quidditch;Hermione;0.168229166667;1
Quidditch;Harry;0.284946428571;3
Ernie;Dean;-0.0384615384615;2
Ernie;Justin;-0.0310080395795;7
Ernie;Ron;0.306375661376;4
Ernie;Hannah;-0.027132034632;8
Ernie;Know-Who;0.11875;1
Ernie;Transfiguration;0.25;1
Ernie;Potter;-0.15;1
Ernie;Voldemort;0.11875;1
Ernie;Malfoy;0.0;2
Ernie;fiercely;-0.0310080395795;7
Ernie;Snape;0.0;1
Ernie;Hermione;-0.0156;6
Ernie;stubbornly;-0.0310080395795;7
Ernie;Harry;0.157065631088;17
Ernie;Lockhart;0.125;5
Ernie;Slytherin;0.225;1
Wizard;Professor;0.3175;1
Wizard;Harry;0.42578125;1
Mr.;Hagrid;0.176398344921;12
Mr.;Ron;0.0;2
Mr.;Ministry;0.0;1
Mr.;Weasley;-0.0333333333333;6
Mr.;Malfoy;0.149169799499;19
Mr.;quickly;0.0;2
Mr.;Mrs.;0.1;2
Mr.;Harry;0.987835431235;15
Mr.;enviously;0.0;2
Mr.;Draco;0.232265406162;17
Wizards;twice;0.0;1
Dippet;slowly;0.11875;1
Dippet;Harry;-0.069972630027;23
something;Snape;0.01;4
something;Hermione;0.32;2
something;Ron;0.106666666667;6
something;Harry;0.213333333333;3
Lord;Professor;-0.0666666666667;2
Christmas;Dumbledore;-0.0357142857143;1
Christmas;George;0.0;1
Gryffindor;Neville;0.5;1
Gryffindor;Lupin;0.166666666667;6
Gryffindor;Lee;0.0907407407407;2
Gryffindor;Ron;0.303541666667;3
Gryffindor;Professor;0.00540337359433;8
Gryffindor;McGonagall;0.0;1
Gryffindor;Dementors;0.0;1
Gryffindor;quietly;0.0666666666667;1
Gryffindor;Fred;-0.325;1
Gryffindor;Percy;0.25;4
Gryffindor;Nick;0.250994318182;1
Gryffindor;Harry;0.437490513579;8
Gryffindor;Hagrid;0.6;1
Gryffindor;Hermione;1.0;2
Gryffindor;George;0.14;3
Gryffindor;Wood;-0.0729166666667;3
Gryffindor;Dumbledore;0.300535714286;2
Gryffindor;Hooch;0.0;1
Gryffindor;Lockhart;-0.0261904761905;7
Gryffindor;Slytherin;-0.520833333333;1
Warrington;Lee;0.4203125;1
Millicent;uncertainly;0.0;1
Millicent;Snape;0.5;1
Millicent;Hermione;-0.0223214285714;1
Millicent;Ron;0.45;1
Millicent;Harry;-0.7;1
scornfully;Ron;0.0453703703704;9
scornfully;never;-0.0333333333333;1
scornfully;Weasley;-0.0333333333333;1
scornfully;Malfoy;-0.140909090909;11
scornfully;Hermione;0.0;1
scornfully;Harry;0.025;5
scornfully;Myrtle;-0.5;2
instead;Wood;0.3125;1
furiously;delicately;0.0;1
furiously;Ron;0.05;5
furiously;suddenly;0.0;2
furiously;disbelievingly;0.0;1
furiously;Dudley;0.0;2
furiously;Vernon;0.0;2
furiously;Uncle;-0.075;8
furiously;Harry;-0.0714814814815;3
furiously;Aunt;-0.0138888888889;9
furiously;Myrtle;0.0833333333333;3
furiously;Professor;0.0;1
furiously;Lockhart;0.0636479591837;14
Don;Stan;-0.00876984126984;10
Don;Neville;0.0;2
Don;Magic;0.233333333333;2
Don;Ern;0.2;5
Don;Harry;-0.0179012345679;9
Hermione;Norris;0.0;1
Hermione;Hogsmeade;0.0;2
Hermione;Lupin;0.313;16
Hermione;still;0.0;1
Hermione;Ravenclaw;0.525;1
Hermione;Lacewing;0.0555555555556;1
Hermione;Fred;-0.14871877638;7
Hermione;Hogwarts;0.3;1
Hermione;Flint;0.124756493506;7
Hermione;heartily;0.277651515152;2
Hermione;Snape;-0.255848249202;16
Hermione;Dissendium;0.035;5
Hermione;casually;0.0340382996633;22
Hermione;enthusiastically;-0.136666666667;5
Hermione;I'd;-0.260959765625;6
Hermione;Salazar;0.333333333333;1
Hermione;Flamel;0.0;1
Hermione;Lockhart;0.269812530146;11
Hermione;desperately;0.0166666666667;6
Hermione;anxiously;0.180168732782;5
Hermione;blankly;0.0464814814815;10
Hermione;London;-0.0777777777778;2
Hermione;George;0.101809090909;6
Hermione;Perry;0.0868131868132;13
Hermione;miserably;-0.00612577062075;14
Hermione;Willow;0.392857142857;1
Hermione;exasperated;0.234090909091;2
Hermione;proudly;-0.202951388889;4
Hermione;Weasley;0.23060120467;11
Hermione;hoarsely;0.353571428571;3
Hermione;flatly;0.109090909091;2
Hermione;Goyle;0.429686309524;10
Hermione;Crabbe;0.0714285714286;2
Hermione;Head;0.0844972686044;8
Hermione;Lee;0.0522201178451;22
Hermione;Filch;0.386109848484;13
Hermione;nervously;0.0906746031747;7
Hermione;Norbert;0.0;1
Hermione;Neville;-0.188389557736;12
Hermione;Professor;0.687190920707;18
Hermione;timidly;0.145;2
Hermione;Malfoy;-0.308871719573;16
Hermione;darkly;0.0858994708995;3
Hermione;Firstly;0.0;2
Hermione;Sh-she;-0.625;1
Hermione;shakily;0.05;8
Hermione;abruptly;0.0504241071436;5
Hermione;Hagrid;-0.317452528753;23
Hermione;Ron;0.236912109153;73
Hermione;Parkinson;-0.1875;1
Hermione;Percy;0.240112534162;6
Hermione;loudly;0.047619047619;6
Hermione;We'd;0.0;1
Hermione;Committee;0.05;1
Hermione;Slytherin;0.262386607143;4
Hermione;automatically;0.0868131868132;13
Hermione;hotly;0.0868131868132;13
Hermione;Devil;0.0;1
Hermione;Mandrakes;0.0;1
Hermione;suddenly;0.0292013888889;9
Hermione;Mother;-0.0263888888889;1
Hermione;angrily;-0.075;2
Hermione;Nick;0.123661067194;23
Hermione;Muggle;-0.03125;1
Hermione;Spinnet;-0.145833333333;1
Hermione;Stone;0.212171286731;23
Hermione;Hufflepuff;0.0;2
Hermione;sadly;0.0586805555556;20
Hermione;Monday;0.325;1
Hermione;Remembrall;0.0;1
Hermione;breathlessly;-0.0333333333333;3
Hermione;Parselmouth;-0.00297619047619;2
Hermione;slowly;-0.0102040816327;7
Hermione;Uncle;-0.0190476190476;7
Hermione;Justin;0.4;2
Hermione;grimly;0.0;9
Hermione;Dumbledore;0.224022493596;8
Hermione;Ridgeback;0.1;1
Hermione;Firebolt;0.0;1
Hermione;shrilly;0.121527777778;6
Hermione;Chamber;0.152380952381;1
Hermione;sharply;0.206412337662;3
Hermione;Harry;-0.0362965281057;69
Hermione;Seamus;0.106666666667;4
Hermione;Flich;-0.05125;5
Hermione;Colin;0.490319406843;6
Hermione;Wood;0.204403659926;9
Hermione;Miss;0.0;1
Hermione;Sir;0.0982954545455;21
Hermione;Quidditch;0.168229166667;1
Hermione;Ernie;-0.0156;6
Hermione;grumpily;0.145;2
Hermione;He'd;0.05;8
Hermione;fiercely;0.052042989418;4
Hermione;something;0.32;2
Hermione;Ginny;0.286666666667;5
Hermione;stiffly;0.136390692641;21
Hermione;again;0.458333333333;1
Hermione;Gryffindor;1.0;2
Hermione;matter-of-factly;-0.333333333333;3
Hermione;Millicent;-0.0223214285714;1
Hermione;scornfully;0.0;1
Hermione;uncertainly;0.0;1
Hermione;Arithmancy;0.0290046296296;20
Hermione;suspiciously;0.0868131868132;13
Hermione;Lady;0.0149305555556;20
Hermione;Hall;0.0982954545455;4
Hermione;faintly;0.0642857142857;3
Hermione;Future;0.0;1
Hermione;Hermione;0.57915;4
Hermione;fervently;0.28125;3
Hermione;Hooch;0.0310383597884;10
Hermione;Flitwick;0.1;2
Hermione;Patil;0.131666666667;2
Hermione;Scabbers;0.11153968254;5
Hermione;Pomfrey;0.105892255892;11
Hermione;Dobby;-0.0291903114187;18
Hermione;Buckbeak;0.075;1
Hermione;Finch-Fletchley;0.0940476190476;12
Hermione;Myrtle;-0.134172078936;5
Hermione;briskly;0.0522201178451;22
Hooch;Cho;0.116071428571;7
Hooch;Wood;0.324609375;5
Hooch;tersely;0.0;7
Hooch;Gryffindor;0.0;1
Hooch;Angelina;0.0;7
Hooch;Lee;-0.0545833333333;16
Hooch;Remembrall;0.0310383597884;10
Hooch;Fred;0.166393849206;4
Hooch;Snape;0.0201388888889;2
Hooch;Flint;-0.0892857142857;7
Hooch;Professor;0.0197834085557;14
Hooch;Malfoy;-0.0489616402116;10
Hooch;Hermione;0.0310383597884;10
Hooch;Harry;0.0851654856014;26
Hooch;Patil;0.0310383597884;10
Hooch;Lockhart;0.0;2
Hooch;Ron;5.55111512313e-18;2
Hooch;Potter;0.0;1
Hooch;Parkinson;0.0122883597884;10
Hooch;Slytherin;0.0;7
Hooch;George;0.12662037037;3
Hooch;Quaffle;0.0;1
disbelievingly;delicately;0.0;2
disbelievingly;furiously;0.0;1
disbelievingly;Ron;0.0416666666667;6
disbelievingly;Harry;-0.0670138888889;16
disbelievingly;Myrtle;0.0625;4
disbelievingly;Lockhart;0.0594047619048;15
Arithmancy;sadly;0.278240740741;2
Arithmancy;Ron;-0.038693957115;19
Arithmancy;Professor;0.0635802469136;6
Arithmancy;Malfoy;-0.00617283950617;3
Arithmancy;fiercely;-0.00617283950617;3
Arithmancy;Hermione;0.0290046296296;20
Arithmancy;Harry;-0.0188547178131;12
Arithmancy;Lady;-0.159259259259;2
Dobby;Pomfrey;0.00715925925926;25
Dobby;family;0.0;1
Dobby;gently;0.118888888889;9
Dobby;Mason;-0.0759052579365;18
Dobby;fiercely;-0.0523888888889;15
Dobby;He-Who-Must-Not-Be-Named;0.148948863636;1
Dobby;thoughtfully;0.1445;10
Dobby;Hat;0.0;1
Dobby;dimly;0.107;10
Dobby;Power;0.583333333333;1
Dobby;Ginny;0.0972727272727;11
Dobby;Uncle;-0.0811517857143;25
Dobby;earnestly;-0.114794146825;18
Dobby;Professor;0.0574239682536;11
Dobby;headmaster;0.583333333333;1
Dobby;Dumbledore;0.504172922502;29
Dobby;Malfoy;0.0891666666667;12
Dobby;Weasley;0.136166666667;10
Dobby;Chamber;0.0;1
Dobby;I'd;0.0;1
Dobby;Relief;0.167;10
Dobby;politely;-0.0956583443563;18
Dobby;Harry;0.390943892489;29
Dobby;Lockhart;0.127575757576;11
Dobby;pleasantly;0.172;10
Dobby;Bludger;0.0;1
Dobby;Ron;0.253751401515;12
Dobby;Potter;0.0;1
Dobby;Dobby;0.120571022727;9
Dobby;Slytherin;0.0;1
Dobby;voice;-0.0815636941505;18
Dobby;Hermione;-0.0291903114187;18
Buckbeak;Hagrid;0.271428571429;2
Buckbeak;Hermione;0.075;1
Buckbeak;Harry;0.0;2
Myrtle;Sir;0.0;1
Myrtle;delicately;0.0625;4
Myrtle;Perry;-0.025;4
Myrtle;hotly;-0.025;4
Myrtle;Weasley;-0.025;4
Myrtle;Nick;0.39;2
Myrtle;Ginny;0.25;4
Myrtle;stiffly;0.8;1
Myrtle;Head;-0.0583333333333;1
Myrtle;scornfully;-0.5;2
Myrtle;Granger;0.0;1
Myrtle;suspiciously;-0.025;4
Myrtle;Hall;0.0;1
Myrtle;furiously;0.0833333333333;3
Myrtle;Malfoy;-0.196153846154;13
Myrtle;enthusiastically;0.143571428571;5
Myrtle;I'd;-0.00343915343915;1
Myrtle;Hermione;-0.134172078936;5
Myrtle;sharply;0.2;5
Myrtle;Harry;-0.0169039775508;22
Myrtle;Lockhart;0.0671218487395;2
Myrtle;Flich;0.228988095238;5
Myrtle;Ron;0.0718499191062;21
Myrtle;disbelievingly;0.0625;4
Myrtle;Percy;0.13125;4
Myrtle;Colin;0.0609375;4
Myrtle;uncertainly;-0.5;2
Myrtle;Finch-Fletchley;-0.0333333333333;3
Myrtle;Myrtle;-0.632638888889;1
Myrtle;automatically;-0.025;4
Eye;Ron;0.130555555556;1
coolly;Better;0.5;1
coolly;Dudley;0.0408163265306;7
coolly;Harry;0.166666666667;6
Lupin;stoutly;0.3375;2
Lupin;Gryffindor;0.166666666667;6
Lupin;Ron;0.173149434156;5
Lupin;again;0.377777777778;3
Lupin;Hogsmeade;-0.0291666666667;15
Lupin;Professor;0.0653125;2
Lupin;never;0.5;1
Lupin;Neville;0.199074074074;3
Lupin;Percy;0.0;2
Lupin;Future;0.225;3
Lupin;Snape;0.0221396396396;37
Lupin;Hermione;0.313;16
Lupin;Harry;0.0773198653199;12
Lupin;George;-0.125;3
Lupin;Mr;0.333333333333;1
Lupin;abruptly;-0.0463095238095;15
Dudley;Dad;0.0;1
Dudley;calmly;-0.0214285714286;1
Dudley;furiously;0.0;2
Dudley;Dursley;0.0881560470779;5
Dudley;suddenly;0.0;2
Dudley;Professor;0.0225758038258;13
Dudley;McGonagall;-0.0214285714286;1
Dudley;angrily;0.08;5
Dudley;Voldemort;0.0607142857143;2
Dudley;coolly;0.0408163265306;7
Dudley;Vernon;0.356428571429;4
Dudley;Hagrid;0.106979529027;13
Dudley;Uncle;0.365914338768;17
Dudley;Marge;0.127361111111;10
Dudley;Harry;1.13969255546;28
Dudley;Aunt;0.386388230314;18
Dudley;Dumbledore;0.130044518849;20
Dudley;Petunia;0.146428571429;4
Dudley;tonelessly;0.146428571429;4
Dudley;Dursleys;0.5;1
Dudley;gently;0.0674107142857;2
Cho;Angelina;0.40625;2
Cho;Lee;-0.0055303030303;11
Cho;Slytherin;0.40625;2
Cho;Wood;0.65625;2
Cho;Flint;0.09375;2
Cho;Harry;0.40625;2
Cho;Hooch;0.116071428571;7
Cho;tersely;0.40625;2
still;Aragog;0.206666666667;1
still;Malfoy;0.112662337662;1
still;Hermione;0.0;1
Rules;Snape;0.0125;1
Know-Who;Ernie;0.11875;1
McGonagall;Gryffindor;0.0;1
McGonagall;Hagrid;-0.0104797979798;6
McGonagall;Ron;-0.162698412698;1
McGonagall;Professor;0.026242835097;12
McGonagall;Dumbledore;0.138016786759;19
McGonagall;You-Know-Who;0.0;1
McGonagall;gently;0.15625;1
McGonagall;Voldemort;0.142857142857;1
McGonagall;Harry;0.163020833333;2
McGonagall;Dudley;-0.0214285714286;1
Charm;Ron;0.0;2
Charm;Lockhart;-0.124305555556;2
Charm;Harry;0.286666666667;1
Who'd;Uncle;0.0;1
wantin;Hagrid;0.5;1
Stalagmite;Hagrid;-0.714285714286;1
Mother;Hermione;-0.0263888888889;1
Ern;Stan;0.065164399093;14
Ern;Magic;0.293333333333;5
Ern;Neville;0.2;5
Ern;Don;0.2;5
Ern;Harry;0.0699074074074;12
desperately;Filch;0.266666666667;3
desperately;Professor;-0.00555555555556;3
desperately;Hermione;0.0166666666667;6
desperately;Ron;0.0285714285714;7
desperately;Harry;0.0203703703704;3
always;quietly;-0.35;1
always;Ron;0.125;1
reasonably;Malfoy;0.65;1
reasonably;darkly;-0.166666666667;1
Potter;Pomfrey;0.0;1
Potter;Hagrid;-0.0436850649351;2
Potter;Ernie;-0.15;1
Potter;Professor;-0.1888125;4
Potter;Harry;0.327913382498;6
Potter;Malfoy;0.4375;1
Potter;Percy;0.0;1
Potter;Snape;0.0625;2
Potter;Dobby;0.0;1
Potter;Tom;0.16625;2
Potter;slowly;0.127283549784;3
Potter;Hooch;0.0;1
Potter;urgently;0.04125;2
Potter;triumphantly;0.213869047619;2
Squib;Filch;0.134375;2
Squib;Harry;0.25;1
Weekly;Harry;0.53;1
Arts;Ron;-0.0297619047619;1
Snare...what;Harry;-0.15;1
D'yeh;Hagrid;0.0;1
exasperated;flatly;-0.125;2
exasperated;Ron;0.0;3
exasperated;Malfoy;0.0681818181818;2
exasperated;Colin;0.234837962963;4
exasperated;Wood;0.0658633708113;27
exasperated;Flint;0.0578733766234;7
exasperated;Hermione;0.234090909091;2
exasperated;sharply;-0.0214285714286;2
exasperated;Harry;0.00256734006734;18
exasperated;heartily;0.0435606060606;2
exasperated;George;0.0;3
Firebolt;Hermione;0.0;1
Firebolt;Malfoy;0.0;1
really;fiercely;0.416666666667;1
really;Snape;0.225;1
Scabbers;Hagrid;0.0910285714286;11
Scabbers;Ron;-0.0255641447371;5
Scabbers;darkly;0.15;2
Scabbers;Hermione;0.11153968254;5
Scabbers;Harry;0.142568824405;12
Scabbers;Goyle;0.183333333333;3
No...you;Ron;0.0;1
Filch;desperately;0.266666666667;3
Filch;Neville;0.320000000001;13
Filch;Hagrid;0.0942734839475;30
Filch;Ron;0.502647137407;31
Filch;grumpily;0.143181818182;11
Filch;Professor;0.359523809524;3
Filch;timidly;0.143181818182;11
Filch;Squib;0.134375;2
Filch;Malfoy;0.1575;10
Filch;quickly;0.383333333333;1
Filch;Filch;0.26875;1
Filch;Snape;-0.00515873015873;2
Filch;Hermione;0.386109848484;13
Filch;Harry;0.134758482884;10
Filch;nothing;0.0901785714286;4
Filch;Dumbledore;-0.0428571428571;6
Filch;Lockhart;-0.000297619047619;6
Filch;patiently;-0.0714285714286;3
seriously;Snape;0.0761904761905;1
Stone;quietly;0.0681818181818;2
Stone;Hagrid;0.0;1
Stone;Lee;0.2;2
Stone;casually;0.0;2
Stone;Professor;0.0113425925926;9
Stone;anxiously;0.188888888889;6
Stone;Ron;-0.1318359375;5
Stone;Snape;0.325;2
Stone;Hermione;0.212171286731;23
Stone;Harry;0.487448901885;8
Stone;Quirrell;0.0166666666667;2
Stone;Dumbledore;0.0;1
Stone;briskly;0.2;2
Gawd;Ron;0.0;1
You-Know-Who;McGonagall;0.0;1
You-Know-Who;Dursley;0.260416666667;1
You-Know-Who;Ron;0.0;1
You-Know-Who;Hannah;-0.00833333333333;1
You-Know-Who;Dumbledore;0.0491666666667;2
You-Know-Who;darkly;0.0333333333333;1
You-Know-Who;Percy;0.0;1
You-Know-Who;Colin;0.142857142857;1
You-Know-Who;Hagrid;-0.3125;2
You-Know-Who;Harry;-0.319126488095;4
You-Know-Who;Fred;0.0952380952381;1
darkly;Hagrid;0.102976190476;8
darkly;Scabbers;0.15;2
darkly;Ron;0.0580295138889;16
darkly;reasonably;-0.166666666667;1
darkly;You-Know-Who;0.0333333333333;1
darkly;Malfoy;0.0333333333333;1
darkly;Hermione;0.0858994708995;3
darkly;Harry;0.141082589286;10
darkly;Goyle;0.25;1
Aragog;Hagrid;0.151666666667;4
Aragog;Fang;0.0;1
Aragog;Ron;0.069375;16
Aragog;Chamber;0.4;1
Aragog;Harry;0.0156705882353;19
Aragog;still;0.206666666667;1
Firstly;Hagrid;0.0518140589569;7
Firstly;London;-0.0777777777778;2
Firstly;Hermione;0.0;2
Firstly;Ron;0.0801136363636;12
Firstly;Harry;-0.1;5
Gringotts;twice;-0.625;1
Gringotts;Hagrid;-0.121111111111;2
Gringotts;Harry;-0.0880952380952;2
thing;Neville;0.0;3
thing;Ron;0.0;1
thing;Hannah;-0.0283333333333;10
thing;Slytherin;0.0;2
thing;Malfoy;0.0;2
thing;Percy;0.0;1
thing;Harry;0.0289044289044;13
uncertainly;Ron;0.0453703703704;9
uncertainly;Malfoy;-0.140909090909;11
uncertainly;Millicent;0.0;1
uncertainly;Hermione;0.0;1
uncertainly;Harry;0.025;5
uncertainly;Myrtle;-0.5;2
Mirror;Dumbledore;0.325;1
Mirror;Harry;0.0909090909091;1
Brazil;Lockhart;0.0;1
already;Ron;-0.575;1
already;Fred;-0.2;1
Beaters;Wood;-0.0935185185185;1
Beaters;Harry;-0.5;1
delicately;furiously;0.0;1
delicately;Ron;0.0416666666667;6
delicately;disbelievingly;0.0;2
delicately;Harry;-0.0670138888889;16
delicately;Myrtle;0.0625;4
delicately;Lockhart;0.0594047619048;15
Black;Professor;-0.0222222222222;1
Black;Hagrid;-0.260416666667;1
Black;Ron;0.0208333333333;1
He-Who-Must-Not-Be-Named;Dobby;0.148948863636;1
He-Who-Must-Not-Be-Named;Harry;0.26;1
thoughtfully;dimly;0.1875;2
thoughtfully;Ron;0.109722222222;2
thoughtfully;Professor;0.330357142857;2
thoughtfully;Dumbledore;0.0504901960784;17
thoughtfully;Weasley;0.333333333333;2
thoughtfully;Malfoy;0.09375;4
thoughtfully;gently;0.375;1
thoughtfully;Dobby;0.1445;10
thoughtfully;Harry;0.0478349673203;17
thoughtfully;Relief;0.4875;2
thoughtfully;Ginny;0.125;3
thoughtfully;Lockhart;0.354166666667;2
thoughtfully;pleasantly;0.5125;2
Minerva;Dumbledore;0.0;1
sadly;Ron;-0.00745614035088;19
sadly;Professor;0.1625;6
sadly;Malfoy;0.191666666667;3
sadly;fiercely;0.191666666667;3
sadly;Arithmancy;0.278240740741;2
sadly;Hermione;0.0586805555556;20
sadly;Harry;0.0306051587302;12
sadly;Lady;0.1375;2
Monday;Uncle;0.8;1
Monday;Hermione;0.325;1
Parseltongue;Dumbledore;0.3;1
Parseltongue;Ron;-0.5;1
Parseltongue;stubbornly;0.0;1
Parseltongue;Harry;0.0265625;2
Patil;Magic;0.116666666667;1
Patil;Professor;-0.0597222222222;5
Patil;Remembrall;0.0;2
Patil;Parkinson;-0.09375;2
Patil;Malfoy;-0.4;2
Patil;Harry;0.0495238095238;15
Patil;Hooch;0.0310383597884;10
Patil;Hermione;0.131666666667;2
Uncle;Fubster;-0.21875;1
Uncle;Dursley;0.0822724580904;15
Uncle;suddenly;-0.075;8
Uncle;Weasley;-0.0214117063492;3
Uncle;Mason;-0.0291666666667;2
Uncle;earth;0.2;1
Uncle;Monday;0.8;1
Uncle;tonelessly;0.307916666667;12
Uncle;Fred;0.0847719060524;41
Uncle;Vernon;0.363521089744;11
Uncle;Petunia;0.304829166667;10
Uncle;Ripper;0.0;1
Uncle;Marge;0.0574098875661;2
Uncle;earnestly;-0.0578125;8
Uncle;Who'd;0.0;1
Uncle;Neville;0.457264957265;1
Uncle;furiously;-0.075;8
Uncle;angrily;0.025;6
Uncle;Aunt;0.365513490656;11
Uncle;Hermione;-0.0190476190476;7
Uncle;politely;-0.0686728395062;9
Uncle;Harry;0.716756259843;25
Uncle;Dudley;0.365914338768;17
Uncle;Hagrid;0.0883295261099;4
Uncle;Ron;0.116882558579;4
Uncle;Dursleys;0.0;6
Uncle;loudly;0.0328571428571;9
Uncle;Dobby;-0.0811517857143;25
Uncle;voice;-0.0578125;8
Uncle;George;0.123478835979;15
Marge;Uncle;0.0574098875661;2
Marge;Aunt;0.0245138888889;10
Marge;Dudley;0.127361111111;10
Marge;Harry;0.0383547008547;2
friend;Dumbledore;0.290277777778;1
friend;Malfoy;-0.6;1
friend;Harry;0.392857142857;1
Muggles;Dumbledore;0.0852272727273;2
Muggles;Ron;-0.197916666667;1
Muggles;Professor;0.142857142857;2
Muggles;anxiously;0.0852272727273;2
Muggles;Hagrid;0.640464646465;9
Muggles;Harry;0.118145454546;6
Muggles;Seamus;-0.375;1
Justin;Justin;0.111051756885;1
Justin;Ernie;-0.0310080395795;7
Justin;Mandrakes;0.0285714285714;2
Justin;Hannah;0.0;1
Justin;Muggle;0.111051756885;1
Justin;I'd;0.516666666667;1
Justin;Hermione;0.4;2
Justin;Harry;-0.119010416667;2
Justin;Lockhart;-0.05;1
Mortlake;Weasley;-0.203333333333;1
Ridgeback;Hagrid;-0.0420634920635;1
Ridgeback;Hermione;0.1;1
delightedly;Ron;0.0363636363636;11
delightedly;Harry;0.00714285714286;14
Diggle;Harry;0.363982683983;10
Diggle;Hags;0.0114583333333;2
Diggle;Quirrell;-0.078125;4
Diggle;Dursley;-0.201111111111;1
Diggle;Hagrid;0.158333333333;15
idly;quietly;0.046875;4
idly;I'd;0.05;1
idly;Quirrell;0.00694444444444;10
idly;Voldemort;0.05;1
idly;Harry;0.0625;3
Colin;hotly;0.171875;2
Colin;Perry;0.171875;2
Colin;Quidditch;0.383333333333;1
Colin;exasperated;0.234837962963;4
Colin;angrily;0.101851851852;3
Colin;Wood;0.0937125125433;29
Colin;flatly;0.172337962963;4
Colin;Flint;0.149385054246;9
Colin;suspiciously;0.171875;2
Colin;Professor;0.345;4
Colin;You-Know-Who;0.142857142857;1
Colin;Malfoy;0.340235723366;8
Colin;Weasley;0.171875;2
Colin;heartily;0.256618265993;4
Colin;Hermione;0.490319406843;6
Colin;sharply;0.224123677249;4
Colin;Harry;0.151517474007;9
Colin;Lockhart;0.100069444444;16
Colin;abruptly;0.0;2
Colin;Hagrid;-0.0710667600373;17
Colin;Ron;0.332367325;9
Colin;Percy;0.484375;2
Colin;hoarsely;0.0;1
Colin;Finch-Fletchley;0.34375;1
Colin;Myrtle;0.0609375;4
Colin;George;0.18787037037;5
Colin;automatically;0.171875;2
Fletcher;Ron;-0.0314814814815;1
Dursleys;Third;0.0;1
Dursleys;Ron;0.166666666667;1
Dursleys;Dudley;0.5;1
Dursleys;Fred;0.1125;1
Dursleys;Uncle;0.0;6
Dursleys;Harry;0.724599125364;8
Dursleys;Petunia;-0.25;2
bet;Harry;0.285714285714;1
Oliver;Wood;0.0;1
Oliver;Fred;0.0;1
urgently;Hagrid;0.0714285714286;2
urgently;Ron;0.325;2
urgently;Dumbledore;-0.333333333333;3
urgently;Potter;0.04125;2
urgently;Malfoy;0.0;2
urgently;Harry;0.0234349747475;9
urgently;slowly;-0.0668831168831;3
urgently;triumphantly;-0.077380952381;2
urgently;Tom;-0.125;2
Father;Hagrid;0.0;1
Father;Malfoy;0.664232142857;3
Father;Ron;-0.162698412698;2
gently;calmly;0.15625;1
gently;Dumbledore;0.154146054245;22
gently;Dursley;0.15625;1
gently;Ron;-0.155555555556;1
gently;Professor;0.315824175824;14
gently;McGonagall;0.15625;1
gently;Voldemort;0.567299107143;3
gently;Malfoy;0.0;3
gently;Dudley;0.0674107142857;2
gently;Weasley;0.291666666667;1
gently;dimly;0.0;1
gently;Hagrid;0.0133387445887;7
gently;Dobby;0.118888888889;9
gently;Harry;-0.00372395833332;10
gently;Erised;0.0;1
gently;thoughtfully;0.375;1
gently;pleasantly;0.65;1
gently;Ginny;0.166666666667;3
gently;Lockhart;0.333333333333;1
gently;Relief;0.6;1
Wizardry;Chamber;0.2;1
Wizardry;Fred;0.0666666666667;3
Wizardry;nearly;0.0155555555556;5
Wizardry;Harry;-0.244675925926;6
dreamily;blankly;-0.0486111111111;3
dreamily;Professor;-0.0138888888889;1
dreamily;Dumbledore;0.0276944444444;15
dreamily;Harry;-0.0241666666667;15
He'd;Neville;0.133333333333;3
He'd;Hagrid;-0.1875;1
He'd;Ron;-0.156944444444;8
He'd;Weasley;0.0;2
He'd;Wood;0.0;1
He'd;Hermione;0.05;8
He'd;Harry;0.132838541667;9
He'd;shakily;0.0;2
He'd;Lockhart;-0.31130952381;1
Forge;George;-0.8;1
Mail;Ron;-0.1625;1
Chaser;Hagrid;0.0654761904762;6
Chaser;Lee;-0.166666666667;3
Chaser;Ron;0.0;1
Chaser;Harry;0.155952380952;3
Chaser;Weasley;0.0;2
Chaser;Fred;0.0;1
Chaser;Wood;0.146978021978;7
Chaser;Slytherin;0.0;2
Chaser;George;0.0;2
Power;Dobby;0.583333333333;1
Hannah;Parselmouth;0.00833333333333;1
Hannah;Neville;-0.0257575757576;11
Hannah;Justin;0.0;1
Hannah;Ernie;-0.027132034632;8
Hannah;thing;-0.0283333333333;10
Hannah;Slytherin;0.0244490358127;12
Hannah;You-Know-Who;-0.00833333333333;1
Hannah;Malfoy;-0.0283333333333;10
Hannah;Percy;-0.0314814814815;9
Hannah;Ron;-0.0314814814815;9
Hannah;fiercely;0.0;1
Hannah;stubbornly;0.0;1
Hannah;Harry;-0.102014618979;22
Dementors;Gryffindor;0.0;1
Dementors;Snape;-0.05;1
Bane;Hagrid;0.129166666667;6
Bane;Ron;0.13;5
Bane;Firenze;0.207050945378;17
Bane;Harry;0.458038435374;16
Minister;Weasley;0.341666666667;1
Hall;stiffly;0.4;2
Hall;Sir;0.0;2
Hall;Head;-0.0291666666667;2
Hall;Hagrid;0.8;1
Hall;Ron;0.0343854497354;11
Hall;Seamus;-0.03125;4
Hall;Professor;0.483333333333;1
Hall;angrily;0.491666666667;2
Hall;Percy;0.120833333333;4
Hall;Nick;0.26;3
Hall;Hogwarts;0.0;1
Hall;Hermione;0.0982954545455;4
Hall;Harry;0.521898333333;6
Hall;Myrtle;0.0;1
Hall;Ginny;0.0351851851852;9
Hall;Lockhart;0.0;2
opposite;Percy;0.107142857143;6
opposite;again;0.0875;2
opposite;Ron;0.0525312650313;36
opposite;Harry;0.0483196589447;37
headmaster;Dobby;0.583333333333;1
letter;Hagrid;0.0;1
nothing;Ron;0.0769444444444;10
nothing;Professor;0.575;1
nothing;Dumbledore;0.191666666667;3
nothing;Filch;0.0901785714286;4
nothing;Snape;0.189583333333;4
nothing;Harry;0.0657575757576;11
nothing;Lockhart;0.196875;4
nothing;patiently;0.575;1
Comet;Wood;-0.0166666666667;1
Tha;Ron;0.0;1
Chamber;Hermione;0.152380952381;1
Chamber;Ron;-0.120173412698;5
Chamber;Professor;0.202777777778;3
Chamber;Wizardry;0.2;1
Chamber;Malfoy;0.025;1
Chamber;Dobby;0.0;1
Chamber;Harry;0.0632500000002;3
Chamber;Seamus;-0.0145833333333;2
Chamber;Aragog;0.4;1
Hedwig;Hagrid;0.0;1
Hedwig;Ron;0.1;2
Hedwig;Harry;0.109642857143;2
Mommy;Hagrid;0.0;1
Mommy;Malfoy;-0.1;1
Hippogriff;stoutly;0.0;1
Howler;faintly;0.0;1
Howler;Ron;0.0;1
briskly;Stone;0.2;2
briskly;Hagrid;0.4;1
briskly;Lee;0.4;2
briskly;Ron;-0.0953125;4
briskly;Professor;0.055787037037;9
briskly;casually;0.2;2
briskly;Snape;0.525;2
briskly;Hermione;0.0522201178451;22
briskly;Harry;0.0359956709957;22
Ollivander;Hagrid;0.333333333333;1
Norris;Ron;0.25;3
Norris;Nick;0.125340136054;7
Norris;Hermione;0.0;1
Norris;excitedly;0.1125;4
Norris;Harry;0.00225000000027;10
Norris;patiently;0.425;1
Hogsmeade;Ron;0.0;2
Hogsmeade;Lupin;-0.0291666666667;15
Hogsmeade;Snape;0.0523611111111;24
Hogsmeade;Hermione;0.0;2
Hogsmeade;Harry;0.0516422466422;26
Hogsmeade;abruptly;-0.128571428571;2
thirteen-year-old;Neville;0.4625;2
thirteen-year-old;sagely;0.245833333333;2
thirteen-year-old;Dean;0.3375;2
thirteen-year-old;Lee;0.305357142857;2
thirteen-year-old;Ron;0.345361305361;14
thirteen-year-old;impatiently;0.1625;2
thirteen-year-old;Professor;0.158333333333;9
thirteen-year-old;Dumbledore;0.08125;4
thirteen-year-old;Malfoy;-0.126666666667;1
thirteen-year-old;Fred;0.3;1
thirteen-year-old;Harry;0.0930555555556;15
Hornby;Harry;0.0666666666667;1
earth;Professor;0.15;2
earth;Dumbledore;0.325;1
earth;Uncle;0.2;1
earth;Ron;0.0;1
earth;Harry;0.0;2
Hat;Harry;0.0;2
Hat;Dumbledore;0.426071428571;1
Hat;Dobby;0.0;1
Hat;Ron;-0.05;1
Hat;Fawkes;0.1;1
Fang;Hagrid;0.0768565759637;2
Fang;Ron;0.354178571428;4
Fang;smoothly;0.65;1
Fang;Dumbledore;0.261111111111;3
Fang;Malfoy;0.0978869047619;2
Fang;Aragog;0.0;1
Fang;sharply;0.475;2
Fang;Harry;0.0413214285714;4
Fang;abruptly;-0.0755952380952;2
Fred;Sir;0.51953125;2
Fred;Oliver;0.0;1
Fred;thirteen-year-old;0.3;1
Fred;Weasley;0.258737881018;5
Fred;Wizardry;0.0666666666667;3
Fred;Malfoy;0.213884548611;4
Fred;Wood;0.217172727273;4
Fred;Chaser;0.0;1
Fred;matter-of-factly;-0.25;4
Fred;Ginny;0.383333333333;4
Fred;Errol;-0.0599999999998;3
Fred;Dad;0.047619047619;2
Fred;Gryffindor;-0.325;1
Fred;Lee;-0.153409090909;3
Fred;Hogwarts;0.1125;1
Fred;Uncle;0.0847719060524;41
Fred;Charlie;0.57;1
Fred;You-Know-Who;0.0952380952381;1
Fred;casually;-0.00625;4
Fred;Ministry;0.1125;1
Fred;Prophet;0.333333333333;1
Fred;Professor;0.136217948718;13
Fred;Dumbledore;0.0240740740741;1
Fred;faintly;0.5;2
Fred;Mrs.;0.321130952381;3
Fred;angrily;-0.0727272727273;5
Fred;nearly;0.0694444444444;4
Fred;Harry;0.762281786233;16
Fred;Hooch;0.166393849206;4
Fred;Lockhart;0.36;2
Fred;Bludger;-0.0327272727273;5
Fred;Hagrid;1.05657142857;6
Fred;Dean;0.75;2
Fred;Ron;-0.0502737748926;15
Fred;George;0.271612776368;11
Fred;Percy;0.529004166667;7
Fred;Slytherin;0.0;1
Fred;already;-0.2;1
Fred;Dursleys;0.1125;1
Fred;Hermione;-0.14871877638;7
only;Wood;0.0919871794872;1
only;Harry;0.0;1
Parselmouth;Neville;-0.15;1
Parselmouth;Ron;-0.0606666666667;5
Parselmouth;Hannah;0.00833333333333;1
Parselmouth;Malfoy;0.0;1
Parselmouth;Snape;-0.12683531746;6
Parselmouth;Hermione;-0.00297619047619;2
Parselmouth;Harry;0.0229671717172;22
Parselmouth;Lockhart;-0.0177876984127;21
excitedly;Nick;0.069708994709;9
excitedly;Norris;0.1125;4
excitedly;Harry;0.0921428571429;10
Snitch;Wood;0.0919871794872;1
Snitch;George;-0.8;1
Snitch;Hagrid;0.0;1
Snitch;Harry;0.0;2
heartily;flatly;-0.0814393939394;2
heartily;Ron;0.0290404040404;3
heartily;exasperated;0.0435606060606;2
heartily;Malfoy;0.111742424242;2
heartily;Colin;0.256618265993;4
heartily;Wood;0.0690900823713;27
heartily;Flint;0.0703192640693;7
heartily;Hermione;0.277651515152;2
heartily;sharply;0.022132034632;2
heartily;Harry;0.00740740740741;18
heartily;George;0.0290404040404;3
Dissendium;Hermione;0.035;5
Dissendium;Ron;0.0;2
Dissendium;Harry;0.25;3
Magic;Neville;0.233333333333;2
Magic;Don;0.233333333333;2
Magic;Ron;0.0861111111111;2
Magic;Professor;0.0125;2
Magic;Dumbledore;0.25;1
Magic;Harry;0.064888117284;3
Magic;Stan;0.0378968253968;10
Magic;Ern;0.293333333333;5
Magic;Patil;0.116666666667;1
Magic;Lockhart;0.15;1
nearly;Fred;0.0694444444444;4
nearly;Wizardry;0.0155555555556;5
nearly;Harry;-0.113531746032;8
Flamel;Hagrid;-0.6;1
Flamel;Hermione;0.0;1
Flamel;Ron;-0.03375;3
Flamel;Harry;0.0;1
tonelessly;Dudley;0.146428571429;4
tonelessly;Vernon;0.0;2
tonelessly;Uncle;0.307916666667;12
tonelessly;Harry;0.143725198413;9
tonelessly;Aunt;0.4;2
tonelessly;Petunia;0.0;2
Lockhart;Brazil;0.0;1
Lockhart;Sir;0.0;2
Lockhart;delicately;0.0594047619048;15
Lockhart;Ernie;0.125;5
Lockhart;Mandrakes;0.0;1
Lockhart;gently;0.333333333333;1
Lockhart;He'd;-0.31130952381;1
Lockhart;Nick;0.26;3
Lockhart;hoarsely;0.12890625;4
Lockhart;thoughtfully;0.354166666667;2
Lockhart;Weasley;0.330625;3
Lockhart;Ginny;0.111111111111;3
Lockhart;patiently;0.0708333333333;3
Lockhart;stiffly;0.4;2
Lockhart;dimly;0.166666666667;2
Lockhart;young;0.288461538462;1
Lockhart;Fred;0.36;2
Lockhart;Filch;-0.000297619047619;6
Lockhart;Parselmouth;-0.0177876984127;21
Lockhart;Charm;-0.124305555556;2
Lockhart;Snape;0.147716902282;9
Lockhart;pleasantly;0.491666666667;2
Lockhart;Hall;0.0;2
Lockhart;nervously;0.235892857143;5
Lockhart;furiously;0.0636479591837;14
Lockhart;Magic;0.15;1
Lockhart;Justin;-0.05;1
Lockhart;Neville;-0.0237973484848;22
Lockhart;Professor;0.575304749325;7
Lockhart;Hunt;-0.05;1
Lockhart;Head;-0.0291666666667;2
Lockhart;Malfoy;0.184464474578;8
Lockhart;angrily;-0.0496794871795;13
Lockhart;shrilly;0.145416666667;5
Lockhart;I'd;-0.08630952381;3
Lockhart;Hermione;0.269812530146;11
Lockhart;fervently;0.28125;3
Lockhart;Harry;0.319184806966;32
Lockhart;nothing;0.196875;4
Lockhart;Hooch;0.0;2
Lockhart;abruptly;0.103125;5
Lockhart;Hagrid;0.312824702381;4
Lockhart;Dean;0.109615384615;5
Lockhart;Ron;0.372153673578;16
Lockhart;disbelievingly;0.0594047619048;15
Lockhart;Gryffindor;-0.0261904761905;7
Lockhart;Pomfrey;0.233333333333;1
Lockhart;Colin;0.100069444444;16
Lockhart;Wood;0.0133333333333;5
Lockhart;Dobby;0.127575757576;11
Lockhart;Dumbledore;0.0831920415225;18
Lockhart;Myrtle;0.0671218487395;2
Lockhart;Relief;0.466666666667;2
anxiously;Stone;0.188888888889;6
anxiously;Hagrid;-0.0775199652778;9
anxiously;Ron;0.0;2
anxiously;Muggles;0.0852272727273;2
anxiously;Hermione;0.180168732782;5
anxiously;Harry;0.365900568182;10
anxiously;Dumbledore;0.0;1
Alley;Harry;0.0;1
twice;Hagrid;0.0789473684211;19
twice;Wizards;0.0;1
twice;Gringotts;-0.625;1
twice;Harry;0.0419642857143;22
softly;Ron;0.077876984127;24
softly;Harry;0.0245421245421;13
Draco;Mr.;0.232265406162;17
Draco;Flint;0.3875;1
Draco;Malfoy;0.136734693878;14
Knuts;Hagrid;0.0;1
miserably;Neville;0.125;2
miserably;Harry;0.124086913219;30
miserably;Hermione;-0.00612577062075;14
miserably;Ron;0.0524912545367;34
miserably;Body-Bind;-0.075;1
hoarsely;Hagrid;-0.0755084325397;16
hoarsely;Ron;-0.0636222222224;6
hoarsely;Professor;0.25;2
hoarsely;Malfoy;-0.616666666667;1
hoarsely;Colin;0.0;1
hoarsely;Hermione;0.353571428571;3
hoarsely;sharply;0.0;4
hoarsely;Harry;0.0276224785141;20
hoarsely;Lockhart;0.12890625;4
hoarsely;abruptly;0.0;1
flatly;Ron;-0.0833333333333;3
flatly;exasperated;-0.125;2
flatly;Malfoy;-0.0568181818182;2
flatly;Colin;0.172337962963;4
flatly;Wood;0.056604111552;27
flatly;Flint;0.0221590909091;7
flatly;Hermione;0.109090909091;2
flatly;sharply;-0.146428571429;2
flatly;Harry;-0.0113215488215;18
flatly;heartily;-0.0814393939394;2
flatly;George;-0.0833333333333;3
matter-of-factly;Harry;-0.144897959184;7
matter-of-factly;Goyle;0.4125;2
matter-of-factly;Crabbe;0.65;1
matter-of-factly;Hermione;-0.333333333333;3
matter-of-factly;Fred;-0.25;4
tersely;Angelina;0.0;2
tersely;Lee;-0.0793939393939;11
tersely;Slytherin;0.0;2
tersely;Cho;0.40625;2
tersely;Wood;0.25;2
tersely;Flint;-0.3125;2
tersely;Harry;0.0;2
tersely;Hooch;0.0;7
Nimbus;Malfoy;0.0517857142857;2
Nimbus;Harry;0.4;1
away;Dumbledore;0.0;1
O.W.L.s;Ron;0.0;1
weapons;Fawkes;0.4375;1
airily;Neville;0.1875;1
airily;Ron;0.0439814814815;3
airily;pompously;0.59375;2
airily;Dumbledore;0.0724555738045;12
airily;Weasley;0.065943877551;2
airily;Percy;0.00416666666667;2
airily;Nick;0.09375;2
airily;Harry;-0.0416851851852;15
airily;Seamus;0.1875;1
stoutly;again;0.458333333333;1
stoutly;Neville;-0.0777777777778;1
stoutly;Ron;0.174754050926;16
stoutly;Professor;-0.002734375;8
stoutly;Lupin;0.3375;2
stoutly;Hippogriff;0.0;1
stoutly;Future;0.0;1
stoutly;Harry;-0.0354239766082;19
Johnson;Slytherin;-0.603569878472;1
timidly;Neville;0.0972222222222;3
timidly;Hagrid;0.0785595238095;20
timidly;Ron;0.11212797619;16
timidly;grumpily;0.0;2
timidly;Malfoy;0.0;1
timidly;Filch;0.143181818182;11
timidly;Hermione;0.145;2
timidly;Harry;0.3;3
Malfoy;Fang;0.0978869047619;2
Malfoy;smoothly;0.0554166666667;13
Malfoy;grumpily;0.0;1
Malfoy;urgently;0.0;2
Malfoy;exasperated;0.0681818181818;2
Malfoy;Father;0.664232142857;3
Malfoy;Firebolt;0.0;1
Malfoy;hoarsely;-0.616666666667;1
Malfoy;Mommy;-0.1;1
Malfoy;Mr.;0.149169799499;19
Malfoy;Wood;0.0709138758618;27
Malfoy;angrily;0.0569146825397;6
Malfoy;flatly;-0.0568181818182;2
Malfoy;gently;0.0;3
Malfoy;thoughtfully;0.09375;4
Malfoy;still;0.112662337662;1
Malfoy;Ginny;0.0;5
Malfoy;It'd;0.333333333333;1
Malfoy;Crabbe;0.121209528319;9
Malfoy;dimly;0.0;4
Malfoy;Goyle;0.023492063492;3
Malfoy;sadly;0.191666666667;3
Malfoy;Lee;0.0;6
Malfoy;Filch;0.1575;10
Malfoy;Nimbus;0.0517857142857;2
Malfoy;Protection;-0.166666666667;1
Malfoy;Mudbloods;0.027125;3
Malfoy;Remembrall;-0.4;3
Malfoy;Fred;0.213884548611;4
Malfoy;scornfully;-0.140909090909;11
Malfoy;Parselmouth;0.0;1
Malfoy;Snape;-0.184908871883;4
Malfoy;Granger;0.025;1
Malfoy;heartily;0.111742424242;2
Malfoy;Flint;0.0773538961039;7
Malfoy;pleasantly;0.1625;4
Malfoy;Lady;-0.1;3
Malfoy;friend;-0.6;1
Malfoy;Neville;-0.144046875;5
Malfoy;timidly;0.0;1
Malfoy;thing;0.0;2
Malfoy;casually;-0.2;1
Malfoy;Ministry;0.15;1
Malfoy;Prophet;-0.126666666667;1
Malfoy;Professor;0.0338071428572;5
Malfoy;Dumbledore;-0.280044987469;22
Malfoy;fiercely;0.0;4
Malfoy;Voldemort;0.0966666666667;1
Malfoy;Ernie;0.0;2
Malfoy;Weasley;0.259063291154;8
Malfoy;Chamber;0.025;1
Malfoy;I'd;0.3;1
Malfoy;Hermione;-0.308871719573;16
Malfoy;sharply;0.0939258658008;3
Malfoy;Harry;-0.102275043146;24
Malfoy;Hooch;-0.0489616402116;10
Malfoy;darkly;0.0333333333333;1
Malfoy;Patil;-0.4;2
Malfoy;Lockhart;0.184464474578;8
Malfoy;Gilderoy;0.416666666667;1
Malfoy;Hogwarts;-0.333333333333;1
Malfoy;Hagrid;0.240158015199;26
Malfoy;Dean;-0.0384615384615;2
Malfoy;Ron;1.22028673757;38
Malfoy;Muggle;-0.235714285714;2
Malfoy;Arithmancy;-0.00617283950617;3
Malfoy;reasonably;0.65;1
Malfoy;Potter;0.4375;1
Malfoy;Parkinson;-0.49375;2
Malfoy;Percy;0.115691964286;3
Malfoy;Hannah;-0.0283333333333;10
Malfoy;Colin;0.340235723366;8
Malfoy;uncertainly;-0.140909090909;11
Malfoy;Dobby;0.0891666666667;12
Malfoy;thirteen-year-old;-0.126666666667;1
Malfoy;Slytherin;0.0595833333334;4
Malfoy;Order;-0.235714285714;1
Malfoy;Myrtle;-0.196153846154;13
Malfoy;Draco;0.136734693878;14
Malfoy;George;0.0454545454545;3
Malfoy;Relief;0.15;4
Galleons;Harry;0.24380952381;1
abruptly;Hagrid;-0.0710667600373;17
abruptly;Fang;-0.0755952380952;2
abruptly;Ron;-0.0829352678569;8
abruptly;Hogsmeade;-0.128571428571;2
abruptly;Professor;0.166666666667;3
abruptly;Lupin;-0.0463095238095;15
abruptly;Colin;0.0;2
abruptly;hoarsely;0.0;1
abruptly;Snape;0.0416468253968;24
abruptly;Hermione;0.0504241071436;5
abruptly;Harry;0.0613379148133;22
abruptly;Lockhart;0.103125;5
Yeh;Harry;0.375;3
Yeh;Dumbledore;-0.0518518518519;2
Yeh;Hagrid;0.2993707341;11
last;proudly;0.311904761905;1
Parkinson;Professor;-0.146875;4
Parkinson;Remembrall;-0.09375;2
Parkinson;Malfoy;-0.49375;2
Parkinson;Hermione;-0.1875;1
Parkinson;Harry;0.0370238095238;15
Parkinson;Hooch;0.0122883597884;10
Parkinson;Patil;-0.09375;2
loudly;Neville;-0.0555194805195;7
loudly;Hagrid;0.0254951690821;23
loudly;Dursley;-0.3;1
loudly;Ron;0.0210648148148;12
loudly;Uncle;0.0328571428571;9
loudly;Hermione;0.047619047619;6
loudly;Harry;0.0109018518518;16
loudly;Petunia;-0.3;1
We'd;slowly;-0.309333333333;1
We'd;Hermione;0.0;1
We'd;Ron;-0.4;3
Slytherin;Ernie;0.225;1
Slytherin;proudly;0.311904761905;1
Slytherin;Weasley;0.0;2
Slytherin;Cho;0.40625;2
Slytherin;Wood;0.405689800824;6
Slytherin;Chaser;0.0;2
Slytherin;Goyle;0.5;2
Slytherin;tersely;0.0;2
Slytherin;Gryffindor;-0.520833333333;1
Slytherin;Angelina;0.0;2
Slytherin;Lee;-0.179795454545;7
Slytherin;Hannah;0.0244490358127;12
Slytherin;Fred;0.0;1
Slytherin;Snape;0.0;1
Slytherin;Flint;-0.728569878472;4
Slytherin;Crabbe;0.321428571429;2
Slytherin;Neville;0.4;4
Slytherin;Johnson;-0.603569878472;1
Slytherin;Professor;0.075;1
Slytherin;Dumbledore;0.0;1
Slytherin;Malfoy;0.0595833333334;4
Slytherin;Quaffle;-0.603569878472;1
Slytherin;Harry;0.170981805923;8
Slytherin;Hooch;0.0;7
Slytherin;Hagrid;0.0654761904762;6
Slytherin;Ron;0.304589559104;7
Slytherin;Percy;0.225;2
Slytherin;thing;0.0;2
Slytherin;Dobby;0.0;1
Slytherin;Finch-Fletchley;0.0;1
Slytherin;Katie;0.0;1
Slytherin;George;0.00578124999985;5
Slytherin;Hermione;0.262386607143;4
Cornelius;Hagrid;0.1;1
Cornelius;Ron;0.625;1
Mandrakes;Justin;0.0285714285714;2
Mandrakes;Mandrakes;0.25625;1
Mandrakes;Professor;0.0285714285714;2
Mandrakes;Hermione;0.0;1
Mandrakes;Harry;0.2;1
Mandrakes;Lockhart;0.0;1
Mandrakes;patiently;0.425;1
Muggle;Hagrid;0.0;1
Muggle;Justin;0.111051756885;1
Muggle;Ron;0.2;3
Muggle;Dumbledore;0.53;1
Muggle;Weasley;0.0302083333333;2
Muggle;Malfoy;-0.235714285714;2
Muggle;fiercely;0.0;1
Muggle;Hermione;-0.03125;1
Muggle;Harry;0.5046;7
Hufflepuff;Hagrid;0.0;1
Hufflepuff;Ron;-0.148148148148;9
Hufflepuff;Professor;0.0;2
Hufflepuff;Dumbledore;0.0;1
Hufflepuff;Percy;0.259091331845;2
Hufflepuff;Hermione;0.0;2
Hufflepuff;Harry;0.0540404040404;2
Lily;Petunia;0.515625;1
Lily;Dursley;0.375;1
patiently;nothing;0.575;1
patiently;Ron;0.0216049382716;9
patiently;Mandrakes;0.425;1
patiently;Dumbledore;0.0;2
patiently;Filch;-0.0714285714286;3
patiently;Snape;0.0611111111111;3
patiently;Harry;0.0148333333333;10
patiently;Norris;0.425;1
patiently;Lockhart;0.0708333333333;3
Revealer;Harry;0.0;1
Remembrall;Professor;-0.1;4
Remembrall;Remembrall;0.0;1
Remembrall;Malfoy;-0.4;3
Remembrall;Parkinson;-0.09375;2
Remembrall;Harry;0.0495238095238;15
Remembrall;Hooch;0.0310383597884;10
Remembrall;Goyle;-0.133333333333;3
Remembrall;Patil;0.0;2
Remembrall;Hermione;0.0;1
quickly;Filch;0.383333333333;1
quickly;Mr.;0.0;2
quickly;Hagrid;0.113463203463;11
quickly;Head;0.0166666666667;2
quickly;Harry;0.224718488776;14
breathlessly;Quirrell;0.034375;1
breathlessly;Hermione;-0.0333333333333;3
breathlessly;Ron;-0.0333333333333;3
Protection;Malfoy;-0.166666666667;1
slowly;Hagrid;0.11875;1
slowly;Ron;0.0520138888889;8
slowly;We'd;-0.309333333333;1
slowly;urgently;-0.0668831168831;3
slowly;Harry;0.0378049350649;4
slowly;Potter;0.127283549784;3
slowly;Weasley;0.183333333333;1
slowly;Voldemort;0.0;1
slowly;Dippet;0.11875;1
slowly;triumphantly;0.0481962481962;3
slowly;Tom;0.0164502164502;3
slowly;Dumbledore;0.11875;1
slowly;Hermione;-0.0102040816327;7
Ripper;Uncle;0.0;1
Care;Ron;-0.103125;1
That'd;Hagrid;0.142857142857;1
That'd;Ron;-0.100641025641;1
Dumbledore;Pomfrey;0.0877104377104;11
Dumbledore;calmly;0.138016786759;19
Dumbledore;anxiously;0.0;1
Dumbledore;Seamus;0.0619969896049;11
Dumbledore;Dursley;0.138016786759;2
Dumbledore;Fang;0.261111111111;3
Dumbledore;pompously;0.140163907138;12
Dumbledore;student;0.766666666667;1
Dumbledore;urgently;-0.333333333333;3
Dumbledore;Muggles;0.0852272727273;2
Dumbledore;thirteen-year-old;0.08125;4
Dumbledore;Stone;0.0;1
Dumbledore;dreamily;0.0276944444444;15
Dumbledore;Weasley;0.114435393457;13
Dumbledore;Nick;0.0568305738045;12
Dumbledore;Muggle;0.53;1
Dumbledore;Quirrell;0.0958333333333;2
Dumbledore;thoughtfully;0.0504901960784;17
Dumbledore;earth;0.325;1
Dumbledore;Hufflepuff;0.0;1
Dumbledore;Hat;0.426071428571;1
Dumbledore;Christmas;-0.0357142857143;1
Dumbledore;Ravenclaw;0.0;1
Dumbledore;patiently;0.0;2
Dumbledore;Minerva;0.0;1
Dumbledore;dimly;0.028431372549;17
Dumbledore;sagely;0.0416666666667;4
Dumbledore;Lee;0.0714285714286;4
Dumbledore;Parseltongue;0.3;1
Dumbledore;Ginny;0.0268518518519;18
Dumbledore;away;0.0;1
Dumbledore;McGonagall;0.138016786759;19
Dumbledore;Award;0.678571428571;1
Dumbledore;Fred;0.0240740740741;1
Dumbledore;They'd;0.212;1
Dumbledore;Harry;1.14287527854;28
Dumbledore;Hogwarts;0.05;1
Dumbledore;Snape;0.0915;3
Dumbledore;slowly;0.11875;1
Dumbledore;Day;0.28125;1
Dumbledore;airily;0.0724555738045;12
Dumbledore;Neville;0.200724809677;12
Dumbledore;Magic;0.25;1
Dumbledore;Ministry;0.5;1
Dumbledore;Slytherin;0.0;1
Dumbledore;You-Know-Who;0.0491666666667;2
Dumbledore;Professor;0.0586761945054;10
Dumbledore;Dumbledore;0.225;2
Dumbledore;smoothly;-0.122222222222;3
Dumbledore;Voldemort;0.145055282738;4
Dumbledore;Malfoy;-0.280044987469;22
Dumbledore;Dudley;0.130044518849;20
Dumbledore;I'd;-0.15;2
Dumbledore;Hermione;0.224022493596;8
Dumbledore;sharply;0.144444444444;3
Dumbledore;Salazar;0.426071428571;1
Dumbledore;nothing;0.191666666667;3
Dumbledore;friend;0.290277777778;1
Dumbledore;Filch;-0.0428571428571;6
Dumbledore;Lockhart;0.0831920415225;18
Dumbledore;pleasantly;0.0666666666667;17
Dumbledore;Yeh;-0.0518518518519;2
Dumbledore;Hagrid;0.142886559314;8
Dumbledore;Dean;0.0875;4
Dumbledore;Ron;-0.145731749041;12
Dumbledore;impatiently;0.0;4
Dumbledore;gently;0.154146054245;22
Dumbledore;Fawkes;0.0648148148148;1
Dumbledore;Gryffindor;0.300535714286;2
Dumbledore;Percy;0.132842320802;12
Dumbledore;Fancy;0.0;1
Dumbledore;blankly;0.0127303240741;19
Dumbledore;fiercely;-0.385416666667;3
Dumbledore;London;0.05;1
Dumbledore;Dobby;0.504172922502;29
Dumbledore;Mirror;0.325;1
Dumbledore;Master;0.4;1
Dumbledore;Relief;0.0637254901961;17
She'd;Ron;-0.246875;1
Dragon;Ron;-0.197916666667;1
Night;Dursley;0.0302083333333;1
Sir;stiffly;0.4;2
Sir;Head;-0.0291666666667;2
Sir;Dean;0.26953125;2
Sir;Ron;-0.0817083002646;11
Sir;Professor;0.0622996794872;13
Sir;Hunt;-0.3125;1
Sir;faintly;0.01953125;2
Sir;Fred;0.51953125;2
Sir;Percy;0.0463541666667;3
Sir;Nick;0.26;3
Sir;Hermione;0.0982954545455;21
Sir;Harry;0.0354329427083;17
Sir;Myrtle;0.0;1
Sir;Seamus;0.0;1
Sir;Hall;0.0;2
Sir;Lockhart;0.0;2
Flich;enthusiastically;0.046875;2
Flich;Myrtle;0.228988095238;5
Flich;Hermione;-0.05125;5
Flich;Ron;0.03710839599;19
Flich;Harry;-0.000778388278388;13
Force;Ron;0.0;1
impatiently;Neville;0.3;2
impatiently;sagely;0.0833333333333;2
impatiently;Dean;0.175;2
impatiently;Lee;0.142857142857;2
impatiently;Ron;0.109848484848;13
impatiently;Professor;0.122222222222;9
impatiently;Dumbledore;0.0;4
impatiently;thirteen-year-old;0.1625;2
impatiently;Harry;0.0713888888889;15
voice;Mason;0.2;1
voice;Uncle;-0.0578125;8
voice;Dobby;-0.0815636941505;18
voice;politely;-0.155555555556;1
voice;Harry;0.0469093406593;26
Miss;Quirrell;-0.2;1
Miss;Hermione;0.0;1
Agrippa;Ron;0.0;2
Agrippa;Harry;0.5;1
Better;coolly;0.5;1
Better;Ron;0.35;2
Better;Harry;0.366666666667;1
Yeah...he;Hagrid;0.258333333333;1
Wood;Oliver;0.0;1
Wood;Quidditch;0.409821428572;3
Wood;Beaters;-0.0935185185185;1
Wood;exasperated;0.0658633708113;27
Wood;Weasley;0.0599999999998;3
Wood;Cho;0.65625;2
Wood;He'd;0.0;1
Wood;Wood;0.0;1
Wood;Bludgers;0.228846153846;3
Wood;flatly;0.056604111552;27
Wood;Beater;0.0333333333333;3
Wood;Chaser;0.146978021978;7
Wood;Ravenclaw;0.0;2
Wood;tersely;0.25;2
Wood;Gryffindor;-0.0729166666667;3
Wood;Angelina;0.25;2
Wood;Lee;-0.00790367965371;9
Wood;heavily;0.108333333333;5
Wood;Fred;0.217172727273;4
Wood;only;0.0919871794872;1
Wood;Flint;-0.0317955908837;3
Wood;Snitch;0.0919871794872;1
Wood;Severus;0.166666666667;1
Wood;instead;0.3125;1
Wood;Great;0.7;1
Wood;Heaven;0.166666666667;1
Wood;Neville;0.2;2
Wood;Professor;0.392933333333;11
Wood;Snape;0.155555555556;1
Wood;Malfoy;0.0709138758618;27
Wood;angrily;-0.1;2
Wood;heartily;0.0690900823713;27
Wood;I'd;0.283333333333;1
Wood;Quaffle;0.564423076923;2
Wood;sharply;0.064276069224;27
Wood;Harry;0.590087398781;10
Wood;Comet;-0.0166666666667;1
Wood;Hooch;0.324609375;5
Wood;shakily;0.0;1
Wood;Lockhart;0.0133333333333;5
Wood;Slytherin;0.405689800824;6
Wood;Bludger;-0.0625;4
Wood;Hagrid;0.119285714286;10
Wood;Ron;0.277146725158;8
Wood;Colin;0.0937125125433;29
Wood;team;0.9;1
Wood;George;0.0741066645407;4
Wood;Hermione;0.204403659926;9
Bludgers;Wood;0.228846153846;3
stubbornly;Hannah;0.0;1
stubbornly;Parseltongue;0.0;1
stubbornly;Ernie;-0.0310080395795;7
stubbornly;Harry;-0.119010416667;8
Albus;Professor;0.25;1
Snape;brightly;0.238541666667;4
Snape;quietly;-0.0380952380952;5
Snape;Ernie;0.0;1
Snape;suddenly;-0.111736111111;3
Snape;Lupin;0.0221396396396;37
Snape;Weasley;-0.116666666667;2
Snape;Wood;0.155555555556;1
Snape;Quirrell;-0.0229166666667;2
Snape;something;0.01;4
Snape;Goyle;-0.4;1
Snape;Moony;0.0446428571429;1
Snape;really;0.225;1
Snape;again;0.0658333333333;10
Snape;Lee;0.525;2
Snape;Filch;-0.00515873015873;2
Snape;Club;0.0;1
Snape;Dementors;-0.05;1
Snape;Millicent;0.5;1
Snape;Hogsmeade;0.0523611111111;24
Snape;seriously;0.0761904761905;1
Snape;Parselmouth;-0.12683531746;6
Snape;Snape;0.0;2
Snape;Flint;-0.1;2
Snape;patiently;0.0611111111111;3
Snape;Stone;0.325;2
Snape;casually;0.325;2
Snape;Neville;-0.0674805636539;8
Snape;Prophet;0.000833333333333;10
Snape;Professor;0.132694087559;12
Snape;Dumbledore;0.0915;3
Snape;Malfoy;-0.184908871883;4
Snape;enthusiastically;-0.0304166666667;10
Snape;I'd;0.0;1
Snape;Hermione;-0.255848249202;16
Snape;Harry;0.461847827633;19
Snape;nothing;0.189583333333;4
Snape;Hooch;0.0201388888889;2
Snape;Seamus;0.2890625;4
Snape;Lockhart;0.147716902282;9
Snape;abruptly;0.0416468253968;24
Snape;Hagrid;0.0519127453125;6
Snape;Dean;-0.0769230769231;1
Snape;Ron;0.177437591049;26
Snape;Potter;0.0625;2
Snape;Rules;0.0125;1
Snape;Slytherin;0.0;1
Snape;briskly;0.525;2
Snape;Mr;-0.05;1
triumphantly;Potter;0.213869047619;2
triumphantly;urgently;-0.077380952381;2
triumphantly;Tom;0.047619047619;2
triumphantly;slowly;0.0481962481962;3
triumphantly;Harry;0.0378198953824;24
Third;Dursleys;0.0;1
Crystal-gazing;Ron;0.130555555556;1
Prophet;again;0.325;2
Prophet;Ron;0.125317460317;6
Prophet;Malfoy;-0.126666666667;1
Prophet;Fred;0.333333333333;1
Prophet;enthusiastically;-0.15625;2
Prophet;Snape;0.000833333333333;10
Prophet;Harry;-0.0484375;4
student;Dumbledore;0.766666666667;1
Order;Malfoy;-0.235714285714;1
pleasantly;dimly;0.325;2
pleasantly;Ron;0.247222222222;2
pleasantly;Professor;0.467857142857;2
pleasantly;Dumbledore;0.0666666666667;17
pleasantly;Weasley;0.470833333333;2
pleasantly;Malfoy;0.1625;4
pleasantly;gently;0.65;1
pleasantly;Relief;0.625;2
pleasantly;Harry;0.0640114379085;17
pleasantly;thoughtfully;0.5125;2
pleasantly;Ginny;0.216666666667;3
pleasantly;Lockhart;0.491666666667;2
pleasantly;Dobby;0.172;10
Perkins;Ron;0.05;1
Club;Snape;0.0;1
Finch-Fletchley;hotly;0.0;1
Finch-Fletchley;Perry;0.0;1
Finch-Fletchley;Ron;-0.0111842105263;19
Finch-Fletchley;Harry;0.0015873015873;6
Finch-Fletchley;Weasley;0.0;1
Finch-Fletchley;Percy;0.625;1
Finch-Fletchley;Colin;0.34375;1
Finch-Fletchley;Hermione;0.0940476190476;12
Finch-Fletchley;Slytherin;0.0;1
Finch-Fletchley;suspiciously;0.0;1
Finch-Fletchley;Myrtle;-0.0333333333333;3
Finch-Fletchley;automatically;0.0;1
just;Professor;0.245;1
heavily;Professor;0.127083333333;12
heavily;Wood;0.108333333333;5
heavily;Ron;0.1875;10
heavily;Harry;0.075;5
Animagus;Ron;0.0;1
Body-Bind;miserably;-0.075;1
Ravenclaw;Harry;-0.3;2
Ravenclaw;Dumbledore;0.0;1
Ravenclaw;Wood;0.0;2
Ravenclaw;Hermione;0.525;1
Ravenclaw;Beater;0.0333333333333;3
needin;Hagrid;0.25;1
Well...Voldemort;Harry;0.125;1
other;Harry;0.2625;1
Flint;Angelina;-0.3125;2
Flint;flatly;0.0221590909091;7
Flint;Ron;-0.00239650974015;3
Flint;exasperated;0.0578733766234;7
Flint;Wood;-0.0317955908837;3
Flint;Malfoy;0.0773538961039;7
Flint;Cho;0.09375;2
Flint;Lee;-0.136212121212;11
Flint;Colin;0.149385054246;9
Flint;Hagrid;-0.1;4
Flint;Snape;-0.1;2
Flint;Hermione;0.124756493506;7
Flint;sharply;0.0517509276438;7
Flint;Slytherin;-0.728569878472;4
Flint;heartily;0.0703192640693;7
Flint;Hooch;-0.0892857142857;7
Flint;Draco;0.3875;1
Flint;George;0.0506392045455;8
Flint;Harry;-0.320752742095;5
Flint;tersely;-0.3125;2
earnestly;Mason;0.2;1
earnestly;Uncle;-0.0578125;8
earnestly;Dobby;-0.114794146825;18
earnestly;politely;-0.155555555556;1
earnestly;Harry;0.0469093406593;26
Hermes;Ron;0.25;1
Padfoot;Harry;0.0;1
casually;Stone;0.0;2
casually;Hagrid;0.0;1
casually;Lee;0.2;2
casually;Ron;-0.164474826389;5
casually;Professor;0.0113425925926;9
casually;briskly;0.2;2
casually;Malfoy;-0.2;1
casually;Fred;-0.00625;4
casually;Snape;0.325;2
casually;Hermione;0.0340382996633;22
casually;Harry;0.0064867547226;23
casually;George;-0.2;1
enthusiastically;again;0.16875;2
enthusiastically;Flich;0.046875;2
enthusiastically;Ron;0.0695559210526;7
enthusiastically;Prophet;-0.15625;2
enthusiastically;Snape;-0.0304166666667;10
enthusiastically;Hermione;-0.136666666667;5
enthusiastically;Harry;-0.119060639881;5
enthusiastically;Myrtle;0.143571428571;5
Aunt;furiously;-0.0138888888889;9
Aunt;suddenly;-0.0138888888889;9
Aunt;Dudley;0.386388230314;18
Aunt;Vernon;0.509125;11
Aunt;Uncle;0.365513490656;11
Aunt;Marge;0.0245138888889;10
Aunt;Harry;0.0410926548306;20
Aunt;Petunia;0.4;2
Aunt;tonelessly;0.4;2
Aunt;Piers;0.162857142857;5
politely;Mason;0.0222222222222;2
politely;Uncle;-0.0686728395062;9
politely;Dobby;-0.0956583443563;18
politely;Harry;0.0394106407995;27
politely;earnestly;-0.155555555556;1
politely;voice;-0.155555555556;1
Salazar;Dumbledore;0.426071428571;1
Salazar;Hermione;0.333333333333;1
Salazar;Ron;-0.05;1
Bott;Harry;0.24375;1
Piers;Aunt;0.162857142857;5
Piers;Harry;-0.141381448413;7
Penelope;Percy;0.4375;1
London;Hagrid;0.0295918367347;3
London;Ron;0.0671506734007;12
London;Dumbledore;0.05;1
London;Quirrell;0.0333333333333;1
London;Hermione;-0.0777777777778;2
London;Harry;-0.131111111111;5
London;Firstly;-0.0777777777778;2
Fubster;Uncle;-0.21875;1
Little;Hagrid;-0.0873701298701;1
Perry;hotly;0.0;2
Perry;Ron;-0.010625;20
Perry;Weasley;0.0;2
Perry;Percy;0.3125;2
Perry;suspiciously;0.0;2
Perry;Colin;0.171875;2
Perry;Hermione;0.0868131868132;13
Perry;Harry;0.00136054421769;7
Perry;Finch-Fletchley;0.0;1
Perry;Myrtle;-0.025;4
Perry;automatically;0.0;2
smoothly;Hagrid;0.0116898148148;12
smoothly;Ron;0.0;1
smoothly;Fang;0.65;1
smoothly;Dumbledore;-0.122222222222;3
smoothly;Malfoy;0.0554166666667;13
smoothly;sharply;0.3;1
smoothly;Harry;0.0;1
Creevey;Ron;0.25;1
proudly;Harry;0.0;3
proudly;last;0.311904761905;1
proudly;Hermione;-0.202951388889;4
proudly;Ron;0.05;8
proudly;Slytherin;0.311904761905;1
back;Ron;0.3;1
Mason;Petunia;0.0;1
Mason;Uncle;-0.0291666666667;2
Mason;Dobby;-0.0759052579365;18
Mason;politely;0.0222222222222;2
Mason;Harry;0.0525793650794;27
Mason;earnestly;0.2;1
Mason;voice;0.2;1
Quirrell;breathlessly;0.034375;1
Quirrell;quietly;-0.0118055555556;10
Quirrell;Hagrid;0.114583333333;18
Quirrell;Ron;-0.0297619047619;1
Quirrell;Dumbledore;0.0958333333333;2
Quirrell;Stone;0.0166666666667;2
Quirrell;idly;0.00694444444444;10
Quirrell;Diggle;-0.078125;4
Quirrell;I'd;-0.2;1
Quirrell;London;0.0333333333333;1
Quirrell;Harry;0.268546976236;6
Quirrell;Severus;0.00416666666667;1
Quirrell;Snape;-0.0229166666667;2
Quirrell;Hags;-0.0723958333333;4
Quirrell;Miss;-0.2;1
Mars;Hagrid;0.7;1
Mars;Ron;0.525;2
Longbottom;Professor;0.45;1
Crabbe;matter-of-factly;0.65;1
Crabbe;Ron;0.054695842352;19
Crabbe;Slytherin;0.321428571429;2
Crabbe;Malfoy;0.121209528319;9
Crabbe;Percy;0.105952380952;3
Crabbe;Hermione;0.0714285714286;2
Crabbe;Harry;0.00552028218695;9
Crabbe;Goyle;0.321428571429;2
Lee;thirteen-year-old;0.305357142857;2
Lee;angrily;-0.2;1
Lee;Cho;-0.0055303030303;11
Lee;Wood;-0.00790367965371;9
Lee;Stone;0.2;2
Lee;Chaser;-0.166666666667;3
Lee;tersely;-0.0793939393939;11
Lee;Gryffindor;0.0907407407407;2
Lee;sagely;0.22619047619;2
Lee;Warrington;0.4203125;1
Lee;Fred;-0.153409090909;3
Lee;Hogwarts;0.24;1
Lee;Flint;-0.136212121212;11
Lee;Snape;0.525;2
Lee;Neville;0.442857142857;2
Lee;casually;0.2;2
Lee;Professor;0.083805753968;11
Lee;Dumbledore;0.0714285714286;4
Lee;Malfoy;0.0;6
Lee;Weasley;-0.166666666667;3
Lee;Angelina;-0.0793939393939;11
Lee;Hermione;0.0522201178451;22
Lee;Harry;-0.422792570009;30
Lee;Hooch;-0.0545833333333;16
Lee;Bludger;0.4203125;2
Lee;Hagrid;-0.00688775510205;3
Lee;Dean;0.208916170635;7
Lee;Ron;-0.162914899423;7
Lee;impatiently;0.142857142857;2
Lee;George;-0.1;4
Lee;Percy;-0.0777777777778;1
Lee;Slytherin;-0.179795454545;7
Lee;briskly;0.4;2
Lee;Quaffle;0.4203125;1
Severus;Wood;0.166666666667;1
Severus;Quirrell;0.00416666666667;1
Heaven;Wood;0.166666666667;1
Norbert;Hagrid;0.0;1
Norbert;Hermione;0.0;1
Norbert;Harry;0.0;2
Bill;Ginny;0.0;1
Bill;George;-0.175;1
Bill;Ron;-0.4;2
Bill;Harry;0.232272727273;1
Lucius;Hagrid;0.283333333333;1
Lucius;Ron;0.0;1
Sh-she;Hermione;-0.625;1
shakily;Neville;0.133333333333;3
shakily;Ron;-0.156944444444;8
shakily;Weasley;0.0;2
shakily;He'd;0.0;2
shakily;Wood;0.0;1
shakily;Hermione;0.05;8
shakily;Harry;0.0840277777778;8
coldly;gloomily;0.13318452381;7
coldly;Hagrid;0.0798214285714;15
coldly;Harry;0.0141493055556;16
Romania;Ron;0.08;1
You'd;Professor;0.00714285714286;2
You'd;George;0.7;1
You'd;Ron;0.125;1
You'd;Harry;0.0;1
Ron;Bogies;0.0;1
Ron;Eye;0.130555555556;1
Ron;Fang;0.354178571428;4
Ron;heavily;0.1875;10
Ron;Hogsmeade;0.0;2
Ron;Muggles;-0.197916666667;1
Ron;thirteen-year-old;0.345361305361;14
Ron;already;-0.575;1
Ron;earth;0.0;1
Ron;Hat;-0.05;1
Ron;Sorcerer;0.0;2
Ron;Dad;-0.190681818182;4
Ron;Bane;0.13;5
Ron;sagely;0.122668997669;13
Ron;pompously;0.314814814815;3
Ron;Lucky;0.333333333333;1
Ron;Fred;-0.0502737748926;15
Ron;Hogwarts;0.5;2
Ron;Flint;-0.00239650974015;3
Ron;Granger;-0.1625;1
Ron;heartily;0.0290404040404;3
Ron;Snape;0.177437591049;26
Ron;Hermes;0.25;1
Ron;Lupin;0.173149434156;5
Ron;Magic;0.0861111111111;2
Ron;casually;-0.164474826389;5
Ron;Animagus;0.0;1
Ron;Mrs.;0.0643312682215;8
Ron;enthusiastically;0.0695559210526;7
Ron;I'd;-0.300716857143;8
Ron;Salazar;-0.05;1
Ron;Flamel;-0.03375;3
Ron;Lockhart;0.372153673578;16
Ron;desperately;0.0285714285714;7
Ron;always;0.125;1
Ron;anxiously;0.0;2
Ron;blankly;0.0;2
Ron;Defense;-0.1875;1
Ron;London;0.0671506734007;12
Ron;Norris;0.25;3
Ron;George;-0.0789000087251;10
Ron;Arts;-0.0297619047619;1
Ron;Perry;-0.010625;20
Ron;miserably;0.0524912545367;34
Ron;smoothly;0.0;1
Ron;Creevey;0.25;1
Ron;exasperated;0.0;3
Ron;proudly;0.05;8
Ron;Weasley;0.191274782289;22
Ron;past;-0.25;1
Ron;R-Riddle;-0.15625;1
Ron;hoarsely;-0.0636222222224;6
Ron;Quirrell;-0.0297619047619;1
Ron;flatly;-0.0833333333333;3
Ron;Mars;0.525;2
Ron;Goyle;0.227659925773;10
Ron;Crabbe;0.054695842352;19
Ron;Head;0.0474255952381;5
Ron;Lee;-0.162914899423;7
Ron;No...you;0.0;1
Ron;opposite;0.0525312650313;36
Ron;Mudbloods;0.0;1
Ron;O.W.L.s;0.0;1
Ron;Filch;0.502647137407;31
Ron;softly;0.077876984127;24
Ron;airily;0.0439814814815;3
Ron;stoutly;0.174754050926;16
Ron;Stone;-0.1318359375;5
Ron;Bill;-0.4;2
Ron;Neville;0.0371833915673;12
Ron;Charlie;-0.197916666667;1
Ron;Professor;0.264358481318;28
Ron;timidly;0.11212797619;16
Ron;You-Know-Who;0.0;1
Ron;here;-0.183333333333;1
Ron;darkly;0.0580295138889;16
Ron;Malfoy;1.22028673757;38
Ron;Firstly;0.0801136363636;12
Ron;Lucius;0.0;1
Ron;shakily;-0.156944444444;8
Ron;abruptly;-0.0829352678569;8
Ron;boy;-0.093253968254;9
Ron;Romania;0.08;1
Ron;Hagrid;0.648907297554;34
Ron;Dean;0.160802945038;8
Ron;You'd;0.125;1
Ron;Ron;-0.050625;5
Ron;impatiently;0.109848484848;13
Ron;Percy;0.181757092653;56
Ron;thing;0.0;1
Ron;loudly;0.0210648148148;12
Ron;nothing;0.0769444444444;10
Ron;We'd;-0.4;3
Ron;Slytherin;0.304589559104;7
Ron;Cornelius;0.625;1
Ron;automatically;-0.010625;20
Ron;Aragog;0.069375;16
Ron;hotly;-0.010625;20
Ron;McGonagall;-0.162698412698;1
Ron;Baron;-0.1;1
Ron;suddenly;0.0177777777778;10
Ron;angrily;0.140163194444;5
Ron;Nick;0.0084992784993;4
Ron;Muggle;0.2;3
Ron;Black;0.0208333333333;1
Ron;thoughtfully;0.109722222222;2
Ron;Hufflepuff;-0.148148148148;9
Ron;It'd;0.5;1
Ron;patiently;0.0216049382716;9
Ron;Gawd;0.0;1
Ron;sadly;-0.00745614035088;19
Ron;Parseltongue;-0.5;1
Ron;wonderingly;-0.5;1
Ron;Firenze;0.259220467033;13
Ron;breathlessly;-0.0333333333333;3
Ron;They'd;-0.6;1
Ron;Parselmouth;-0.0606666666667;5
Ron;Uncle;0.116882558579;4
Ron;slowly;0.0520138888889;8
Ron;Care;-0.103125;1
Ron;Ministry;0.125;2
Ron;That'd;-0.100641025641;1
Ron;Errol;0.25;2
Ron;Dumbledore;-0.145731749041;12
Ron;She'd;-0.246875;1
Ron;back;0.3;1
Ron;shrilly;0.219047619048;7
Ron;Chamber;-0.120173412698;5
Ron;delightedly;0.0363636363636;11
Ron;Relief;0.222222222222;2
Ron;sharply;0.144937461141;15
Ron;Harry;0.400836883659;113
Ron;nervously;0.263673469388;4
Ron;enviously;0.0;2
Ron;Seamus;0.44375;3
Ron;Better;0.35;2
Ron;Flich;0.03710839599;19
Ron;Force;0.0;1
Ron;Bath;0.125;1
Ron;Colin;0.332367325;9
Ron;Wood;0.277146725158;8
Ron;Fletcher;-0.0314814814815;1
Ron;Dursleys;0.166666666667;1
Ron;Sir;-0.0817083002646;11
Ron;Quidditch;0.3125;1
Ron;Ernie;0.306375661376;4
Ron;Agrippa;0.0;2
Ron;grumpily;0.11212797619;16
Ron;urgently;0.325;2
Ron;Father;-0.162698412698;2
Ron;gently;-0.155555555556;1
Ron;He'd;-0.156944444444;8
Ron;Mr.;0.0;2
Ron;fiercely;-0.208833333333;3
Ron;something;0.106666666667;6
Ron;Mail;-0.1625;1
Ron;Chaser;0.0;1
Ron;Ginny;0.543641651205;16
Ron;stiffly;0.0235714285714;10
Ron;again;0.432563146751;38
Ron;dimly;-0.0777777777778;2
Ron;Hannah;-0.0314814814815;9
Ron;Millicent;0.45;1
Ron;scornfully;0.0453703703704;9
Ron;uncertainly;0.0453703703704;9
Ron;Charm;0.0;2
Ron;suspiciously;-0.010625;20
Ron;Lady;-0.0535087719298;19
Ron;Hall;0.0343854497354;11
Ron;Dobby;0.253751401515;12
Ron;Dissendium;0.0;2
Ron;furiously;0.05;5
Ron;Crystal-gazing;0.130555555556;1
Ron;fearfully;-0.05;4
Ron;Prophet;0.125317460317;6
Ron;faintly;-0.0386053240741;7
Ron;Gryffindor;0.303541666667;3
Ron;Future;0.164474400871;17
Ron;Hermione;0.236912109153;73
Ron;never;0.0;1
Ron;fervently;0.211272321429;8
Ron;Hooch;5.55111512313e-18;2
Ron;Dragon;-0.197916666667;1
Ron;Tha;0.0;1
Ron;pleasantly;0.247222222222;2
Ron;delicately;0.0416666666667;6
Ron;Hedwig;0.1;2
Ron;disbelievingly;0.0416666666667;6
Ron;Pomfrey;0.0964814814815;2
Ron;Perkins;0.05;1
Ron;Scabbers;-0.0255641447371;5
Ron;Arithmancy;-0.038693957115;19
Ron;Howler;0.0;1
Ron;Finch-Fletchley;-0.0111842105263;19
Ron;Myrtle;0.0718499191062;21
Ron;briskly;-0.0953125;4
Committee;Weasley;-0.203333333333;1
Committee;Hermione;0.05;1
automatically;hotly;0.0;2
automatically;Perry;0.0;2
automatically;Ron;-0.010625;20
automatically;Weasley;0.0;2
automatically;Percy;0.3125;2
automatically;suspiciously;0.0;2
automatically;Colin;0.171875;2
automatically;Hermione;0.0868131868132;13
automatically;Harry;0.00136054421769;7
automatically;Finch-Fletchley;0.0;1
automatically;Myrtle;-0.025;4
Katie;Slytherin;0.0;1
hotly;Perry;0.0;2
hotly;Ron;-0.010625;20
hotly;Weasley;0.0;2
hotly;Percy;0.3125;2
hotly;suspiciously;0.0;2
hotly;Colin;0.171875;2
hotly;Hermione;0.0868131868132;13
hotly;Harry;0.00136054421769;7
hotly;Finch-Fletchley;0.0;1
hotly;Myrtle;-0.025;4
hotly;automatically;0.0;2
quietly;Stone;0.0681818181818;2
quietly;Hagrid;0.0;1
quietly;always;-0.35;1
quietly;Voldemort;-0.11485042735;1
quietly;idly;0.046875;4
quietly;Gryffindor;0.0666666666667;1
quietly;I'd;0.0;1
quietly;Snape;-0.0380952380952;5
quietly;Harry;0.0237179487179;4
quietly;Quirrell;-0.0118055555556;10
quietly;George;0.0;1
Baron;Percy;-0.3953125;2
Baron;Ron;-0.1;1
calmly;Hagrid;-0.0104797979798;6
calmly;Professor;0.026242835097;12
calmly;Dumbledore;0.138016786759;19
calmly;gently;0.15625;1
calmly;Voldemort;0.0714285714286;2
calmly;Dudley;-0.0214285714286;1
Beater;Wood;0.0333333333333;3
Beater;Ravenclaw;0.0333333333333;3
constantly;Pomfrey;0.0416666666667;2
wonderingly;Ron;-0.5;1
Firenze;Bane;0.207050945378;17
Firenze;Hagrid;0.230374313187;13
Firenze;Ron;0.259220467033;13
Firenze;Harry;0.0798356792356;23
way;Hagrid;-0.2125;1
Errol;Percy;0.116666666667;2
Errol;Weasley;0.00893939393939;5
Errol;George;0.0392063492063;7
Errol;Ron;0.25;2
Errol;Fred;-0.0599999999998;3
shrilly;nervously;0.0595238095238;2
shrilly;Ron;0.219047619048;7
shrilly;Lockhart;0.145416666667;5
shrilly;Hermione;0.121527777778;6
Stan;Neville;-0.00876984126984;10
Stan;Magic;0.0378968253968;10
Stan;Harry;0.0306216931217;18
Stan;Stan;-0.0277777777778;1
Stan;Don;-0.00876984126984;10
Stan;Ern;0.065164399093;14
Hags;Diggle;0.0114583333333;2
Hags;Hagrid;0.159861111111;15
Hags;Quirrell;-0.0723958333333;4
Hags;Harry;0.329193722944;9
Harry;Transfiguration;0.00364583333333;2
Harry;Fang;0.0413214285714;4
Harry;pompously;0.0124814814815;15
Harry;coolly;0.166666666667;6
Harry;Muggles;0.118145454546;6
Harry;thirteen-year-old;0.0930555555556;15
Harry;Dudley;1.13969255546;28
Harry;Cho;0.40625;2
Harry;Hornby;0.0666666666667;1
Harry;earth;0.0;2
Harry;Hat;0.0;2
Harry;Ravenclaw;-0.3;2
Harry;Dad;-0.616666666667;1
Harry;Bane;0.458038435374;16
Harry;sagely;0.0825;15
Harry;McGonagall;0.163020833333;2
Harry;Fred;0.762281786233;16
Harry;Hogsmeade;0.0516422466422;26
Harry;Well...Voldemort;0.125;1
Harry;Hogwarts;-0.544166666667;5
Harry;Flint;-0.320752742095;5
Harry;Lockhart;0.319184806966;32
Harry;excitedly;0.0921428571429;10
Harry;Granger;0.0;1
Harry;heartily;0.00740740740741;18
Harry;Snape;0.461847827633;19
Harry;earnestly;0.0469093406593;26
Harry;book;0.0;1
Harry;Lupin;0.0773198653199;12
Harry;Magic;0.064888117284;3
Harry;casually;0.0064867547226;23
Harry;Voldemort;0.252977878633;6
Harry;Mrs.;0.0685287878788;6
Harry;enthusiastically;-0.119060639881;5
Harry;I'd;0.279569346591;7
Harry;Aunt;0.0410926548306;20
Harry;nearly;-0.113531746032;8
Harry;politely;0.0394106407995;27
Harry;Flamel;0.0;1
Harry;Ern;0.0699074074074;12
Harry;tonelessly;0.143725198413;9
Harry;Bott;0.24375;1
Harry;Piers;-0.141381448413;7
Harry;desperately;0.0203703703704;3
Harry;anxiously;0.365900568182;10
Harry;Potter;0.327913382498;6
Harry;Squib;0.25;1
Harry;Alley;0.0;1
Harry;blankly;0.0111805555556;19
Harry;twice;0.0419642857143;22
Harry;Defense;-0.0338383838384;1
Harry;London;-0.131111111111;5
Harry;Norris;0.00225000000027;10
Harry;Petunia;0.142696329365;16
Harry;George;0.0660412324947;12
Harry;Levi-o-sa;0.0166666666667;1
Harry;Weekly;0.53;1
Harry;delicately;-0.0670138888889;16
Harry;Perry;0.00136054421769;7
Harry;miserably;0.124086913219;30
Harry;smoothly;0.0;1
Harry;exasperated;0.00256734006734;18
Harry;proudly;0.0;3
Harry;Neville;0.078788354338;17
Harry;Mason;0.0525793650794;27
Harry;Diggle;0.363982683983;10
Harry;hoarsely;0.0276224785141;20
Harry;Quirrell;0.268546976236;6
Harry;Cauldron;0.42578125;1
Harry;flatly;-0.0113215488215;18
Harry;Goyle;0.147180183532;4
Harry;Crabbe;0.00552028218695;9
Harry;Head;0.0753007703081;4
Harry;Lee;-0.422792570009;30
Harry;Nimbus;0.4;1
Harry;furiously;-0.0714814814815;3
Harry;Snare...what;-0.15;1
Harry;Filch;0.134758482884;10
Harry;Ones;0.4;1
Harry;ever;0.0265625;1
Harry;airily;-0.0416851851852;15
Harry;stoutly;-0.0354239766082;19
Harry;Stone;0.487448901885;8
Harry;Bill;0.232272727273;1
Harry;Norbert;0.0;2
Harry;heavily;0.075;5
Harry;Charlie;0.289415584416;4
Harry;Professor;-0.0341719443072;30
Harry;timidly;0.3;3
Harry;You-Know-Who;-0.319126488095;4
Harry;Malfoy;-0.102275043146;24
Harry;darkly;0.141082589286;10
Harry;Angelina;0.0;3
Harry;Galleons;0.24380952381;1
Harry;Firstly;-0.1;5
Harry;shakily;0.0840277777778;8
Harry;coldly;0.0141493055556;16
Harry;Gringotts;-0.0880952380952;2
Harry;abruptly;0.0613379148133;22
Harry;boy;0.0333333333333;10
Harry;Bludger;-0.184375;2
Harry;Hagrid;0.678228831699;52
Harry;Dean;0.34130552067;8
Harry;You'd;0.0;1
Harry;Ron;0.400836883659;113
Harry;impatiently;0.0713888888889;15
Harry;Fluffy;0.211111111111;1
Harry;Please...they;0.0;1
Harry;Parkinson;0.0370238095238;15
Harry;Percy;0.366309166882;54
Harry;Griphook;0.0;6
Harry;uncertainly;0.025;5
Harry;Slytherin;0.170981805923;8
Harry;other;0.2625;1
Harry;automatically;0.00136054421769;7
Harry;Aragog;0.0156705882353;19
Harry;Pomfrey;0.546365277778;3
Harry;quietly;0.0237179487179;4
Harry;Devil;0.1;1
Harry;Mandrakes;0.2;1
Harry;suddenly;0.023946969697;5
Harry;angrily;0.33125;6
Harry;Mirror;0.0909090909091;1
Harry;matter-of-factly;-0.144897959184;7
Harry;Nick;0.0905030549454;18
Harry;Muggle;0.5046;7
Harry;He-Who-Must-Not-Be-Named;0.26;1
Harry;Tom;0.0338516414141;24
Harry;thoughtfully;0.0478349673203;17
Harry;Hufflepuff;0.0540404040404;2
Harry;patiently;0.0148333333333;10
Harry;sadly;0.0306051587302;12
Harry;Parseltongue;0.0265625;2
Harry;Revealer;0.0;1
Harry;Remembrall;0.0495238095238;15
Harry;Firenze;0.0798356792356;23
Harry;quickly;0.224718488776;14
Harry;Vernon;0.252834821428;4
Harry;Parselmouth;0.0229671717172;22
Harry;Uncle;0.716756259843;25
Harry;Marge;0.0383547008547;2
Harry;Stan;0.0306216931217;18
Harry;slowly;0.0378049350649;4
Harry;friend;0.392857142857;1
Harry;only;0.0;1
Harry;Justin;-0.119010416667;2
Harry;Yeh;0.375;3
Harry;grimly;-0.143518518519;9
Harry;Snitch;0.0;2
Harry;Weasley;0.0694242564741;15
Harry;Chamber;0.0632500000002;3
Harry;delightedly;0.00714285714286;14
Harry;Hags;0.329193722944;9
Harry;Quaffle;0.0;1
Harry;sharply;0.173667005354;15
Harry;Harry;0.570712155782;8
Harry;enviously;0.069696969697;11
Harry;Seamus;0.121005066176;18
Harry;never;-0.291666666667;1
Harry;Sir;0.0354329427083;17
Harry;Better;0.366666666667;1
Harry;Flich;-0.000778388278388;13
Harry;Century;-0.202777777778;1
Harry;House;-0.107142857143;1
Harry;Fawkes;0.0949718915344;2
Harry;hotly;0.00136054421769;7
Harry;idly;0.0625;3
Harry;Beaters;-0.5;1
Harry;Colin;0.151517474007;9
Harry;Wood;0.590087398781;10
Harry;Master;0.0;1
Harry;voice;0.0469093406593;26
Harry;Dursleys;0.724599125364;8
Harry;bet;0.285714285714;1
Harry;brightly;0.0;8
Harry;Quidditch;0.284946428571;3
Harry;Dursley;0.0559545855379;10
Harry;Ernie;0.157065631088;17
Harry;Agrippa;0.5;1
Harry;grumpily;0.3;3
Harry;urgently;0.0234349747475;9
Harry;Wizard;0.42578125;1
Harry;gently;-0.00372395833332;10
Harry;Wizardry;-0.244675925926;6
Harry;dreamily;-0.0241666666667;15
Harry;He'd;0.132838541667;9
Harry;Mr.;0.987835431235;15
Harry;fiercely;-0.0309639866998;17
Harry;Dippet;-0.069972630027;23
Harry;something;0.213333333333;3
Harry;stubbornly;-0.119010416667;8
Harry;gloomily;0.227864100185;22
Harry;Padfoot;0.0;1
Harry;Chaser;0.155952380952;3
Harry;Ginny;0.335911663866;16
Harry;stiffly;0.0765625;16
Harry;again;0.122668193781;39
Harry;Gryffindor;0.437490513579;8
Harry;softly;0.0245421245421;13
Harry;thing;0.0289044289044;13
Harry;Hannah;-0.102014618979;22
Harry;Ministry;0.5;1
Harry;Millicent;-0.7;1
Harry;scornfully;0.025;5
Harry;loudly;0.0109018518518;16
Harry;Charm;0.286666666667;1
Harry;triumphantly;0.0378198953824;24
Harry;suspiciously;0.00136054421769;7
Harry;tersely;0.0;2
Harry;Lady;-0.0423115079365;12
Harry;Hall;0.521898333333;6
Harry;Dissendium;0.25;3
Harry;Dumbledore;1.14287527854;28
Harry;Don;-0.0179012345679;9
Harry;opposite;0.0483196589447;37
Harry;fearfully;0.0;4
Harry;Prophet;-0.0484375;4
Harry;Hunt;0.0;1
Harry;faintly;-0.0333333333334;4
Harry;dimly;0.0257761437908;17
Harry;Future;-0.0336527777778;20
Harry;Hermione;-0.0362965281057;69
Harry;fervently;0.16875;5
Harry;nothing;0.0657575757576;11
Harry;Hooch;0.0851654856014;26
Harry;Flitwick;0.1;1
Harry;Patil;0.0495238095238;15
Harry;pleasantly;0.0640114379085;17
Harry;Hedwig;0.109642857143;2
Harry;disbelievingly;-0.0670138888889;16
Harry;Scabbers;0.142568824405;12
Harry;Arithmancy;-0.0188547178131;12
Harry;Dobby;0.390943892489;29
Harry;Buckbeak;0.0;2
Harry;Finch-Fletchley;0.0015873015873;6
Harry;Myrtle;-0.0169039775508;22
Harry;briskly;0.0359956709957;22
Harry;Relief;0.0610702614379;17
nervously;shrilly;0.0595238095238;2
nervously;Ron;0.263673469388;4
nervously;Head;0.11;5
nervously;Hermione;0.0906746031747;7
nervously;Lockhart;0.235892857143;5
Lacewing;Hermione;0.0555555555556;1
Century;Harry;-0.202777777778;1
House;George;0.0666666666667;1
House;Harry;-0.107142857143;1
Cauldron;Harry;0.42578125;1
Master;Dumbledore;0.4;1
Master;Harry;0.0;1
brightly;Neville;-0.078125;8
brightly;Snape;0.238541666667;4
brightly;Harry;0.0;8
Dursley;Hogwarts;0.0714285714286;1
Dursley;Hagrid;0.0888132304203;15
Dursley;Professor;0.026242835097;12
Dursley;Dumbledore;0.138016786759;2
Dursley;You-Know-Who;0.260416666667;1
Dursley;gently;0.15625;1
Dursley;Mrs.;-0.0363636363636;11
Dursley;Dudley;0.0881560470779;5
Dursley;Diggle;-0.201111111111;1
Dursley;Vernon;0.0658234126984;3
Dursley;loudly;-0.3;1
Dursley;Uncle;0.0822724580904;15
Dursley;Night;0.0302083333333;1
Dursley;Voldemort;0.142857142857;1
Dursley;Dundee;0.0302083333333;1
Dursley;Lily;0.375;1
Dursley;Harry;0.0559545855379;10
grumpily;Neville;0.0972222222222;3
grumpily;Hagrid;0.0785595238095;20
grumpily;Ron;0.11212797619;16
grumpily;timidly;0.0;2
grumpily;Malfoy;0.0;1
grumpily;Filch;0.143181818182;11
grumpily;Hermione;0.145;2
grumpily;Harry;0.3;3
mysteriously;Hagrid;0.0481687242798;9
Ginny;gently;0.166666666667;3
Ginny;angrily;0.037037037037;9
Ginny;thoughtfully;0.125;3
Ginny;Dad;0.0;1
Ginny;dimly;0.0;3
Ginny;Fred;0.383333333333;4
Ginny;Hall;0.0351851851852;9
Ginny;Bill;0.0;1
Ginny;Professor;0.0363095238096;4
Ginny;Dumbledore;0.0268518518519;18
Ginny;Malfoy;0.0;5
Ginny;Weasley;0.0783520408163;6
Ginny;Hermione;0.286666666667;5
Ginny;sharply;0.0;1
Ginny;Harry;0.335911663866;16
Ginny;Lockhart;0.111111111111;3
Ginny;pleasantly;0.216666666667;3
Ginny;Ron;0.543641651205;16
Ginny;Percy;-0.0676515151517;3
Ginny;Dobby;0.0972727272727;11
Ginny;Myrtle;0.25;4
Ginny;George;0.358333333333;2
Ginny;Relief;0.2;3
stiffly;Sir;0.4;2
stiffly;Head;0.370833333333;2
stiffly;Ron;0.0235714285714;10
stiffly;Nick;0.526666666667;3
stiffly;Hermione;0.136390692641;21
stiffly;Harry;0.0765625;16
stiffly;Myrtle;0.8;1
stiffly;Hall;0.4;2
stiffly;Lockhart;0.4;2
again;stoutly;0.458333333333;1
again;Neville;0.190277777778;2
again;Ron;0.432563146751;38
again;opposite;0.0875;2
again;Prophet;0.325;2
again;Professor;0.0484953703704;9
again;Lupin;0.377777777778;3
again;Percy;0.0779761904762;6
again;enthusiastically;0.16875;2
again;Future;0.229166666667;2
again;Snape;0.0658333333333;10
again;Hermione;0.458333333333;1
again;Harry;0.122668193781;39
dimly;Ron;-0.0777777777778;2
dimly;Professor;0.142857142857;2
dimly;Dumbledore;0.028431372549;17
dimly;Weasley;0.145833333333;2
dimly;Malfoy;0.0;4
dimly;gently;0.0;1
dimly;Dobby;0.107;10
dimly;Harry;0.0257761437908;17
dimly;thoughtfully;0.1875;2
dimly;Relief;0.3;2
dimly;Ginny;0.0;3
dimly;Lockhart;0.166666666667;2
dimly;pleasantly;0.325;2
Transfiguration;Professor;0.00291666666667;5
Transfiguration;Seamus;0.00364583333333;4
Transfiguration;Ernie;0.25;1
Transfiguration;Harry;0.00364583333333;2
gloomily;Harry;0.227864100185;22
gloomily;I'd;-0.025;1
gloomily;coldly;0.13318452381;7
gloomily;Defense;-0.025;1
gloomily;Hagrid;0.0164806547619;20
book;Harry;0.0;1
suspiciously;hotly;0.0;2
suspiciously;Perry;0.0;2
suspiciously;Ron;-0.010625;20
suspiciously;Weasley;0.0;2
suspiciously;Percy;0.3125;2
suspiciously;Colin;0.171875;2
suspiciously;Hermione;0.0868131868132;13
suspiciously;Harry;0.00136054421769;7
suspiciously;Finch-Fletchley;0.0;1
suspiciously;Myrtle;-0.025;4
suspiciously;automatically;0.0;2
Lady;sadly;0.1375;2
Lady;Ron;-0.0535087719298;19
Lady;Professor;0.0166666666667;6
Lady;Malfoy;-0.1;3
Lady;fiercely;-0.1;3
Lady;Arithmancy;-0.159259259259;2
Lady;Hermione;0.0149305555556;20
Lady;Harry;-0.0423115079365;12
Great;Neville;0.457264957265;1
Great;Wood;0.7;1
Hunt;Sir;-0.3125;1
Hunt;Harry;0.0;1
Hunt;Lockhart;-0.05;1
Hunt;Nick;0.0;1
faintly;Sir;0.01953125;2
faintly;Neville;-0.0845238095238;7
faintly;Dean;0.25;2
faintly;Ron;-0.0386053240741;7
faintly;Professor;0.0592948717949;13
faintly;Fred;0.5;2
faintly;Percy;0.0333333333333;3
faintly;Hermione;0.0642857142857;3
faintly;Harry;-0.0333333333334;4
faintly;Howler;0.0;1
Future;stoutly;0.0;1
Future;Neville;-0.0388888888889;2
Future;Ron;0.164474400871;17
Future;again;0.229166666667;2
Future;Professor;-0.00243055555556;9
Future;Lupin;0.225;3
Future;Hermione;0.0;1
Future;Harry;-0.0336527777778;20
fervently;Ron;0.211272321429;8
fervently;Hermione;0.28125;3
fervently;Lockhart;0.28125;3
fervently;Harry;0.16875;5
Flitwick;Hermione;0.1;2
Flitwick;Harry;0.1;1
Fancy;Dumbledore;0.0;1
Fame;Hagrid;0.0;1
Relief;dimly;0.3;2
Relief;Ron;0.222222222222;2
Relief;Professor;0.442857142857;2
Relief;Dumbledore;0.0637254901961;17
Relief;Weasley;0.445833333333;2
Relief;Malfoy;0.15;4
Relief;gently;0.6;1
Relief;Dobby;0.167;10
Relief;Harry;0.0610702614379;17
Relief;thoughtfully;0.4875;2
Relief;Ginny;0.2;3
Relief;Lockhart;0.466666666667;2
Relief;pleasantly;0.625;2
